Ex01_Data/HKtopo.asc
ncols 876
nrows 635
xllcorner 113.94415283203125
yllcorner 22.189988859134044
cellsize 5.4931640625E-4
nodata_value -2147483648
[rows 340 to 373 of 635, columns 525 to 599 of 876]
116.51 110.74 111.01 106.38 100.36 94.92 88.23 76.99 63.40 50.52 36.40 25.95 20.14 17.88 13.56 11.30 10.50 9.81 12.25 15.62 20.98 24.82 26.11 25.06 24.58 21.97 15.35 9.05 5.62 4.65 4.47 4.34 4.16 4.18 3.16 2.29 4.10 6.31 9.29 10.46 9.75 9.99 15.77 27.67 36.12 36.39 28.36 18.02 11.03 8.01 10.77 17.59 26.48 32.36 31.20 24.72 15.65 10.02 6.10 4.74 5.05 5.22 4.15 -0.59 -0.38 0.26 1.57 3.13 4.73 6.09 6.91 7.44 8.06 8.69 9.24
113.93 106.76 103.69 98.21 95.27 91.16 85.27 73.22 58.53 47.29 39.16 31.80 26.58 22.18 17.30 14.39 14.89 16.46 21.09 26.83 33.19 40.23 42.56 41.30 37.59 31.85 23.64 16.47 11.55 10.16 8.53 7.06 5.99 5.63 4.86 4.74 4.42 7.04 10.33 12.34 12.65 13.72 23.57 38.08 47.77 44.15 32.73 23.64 18.86 17.58 19.48 24.69 31.12 33.76 30.81 21.13 12.26 8.18 5.48 4.71 5.00 6.30 5.17 3.41 2.85 2.39 2.00 2.90 3.87 4.64 4.93 4.95 5.06 5.19 5.28
121.25 108.69 101.16 93.71 89.23 84.16 77.94 65.54 53.35 45.54 42.69 37.72 31.87 26.62 23.26 22.27 25.39 29.51 36.19 42.81 49.66 55.63 58.66 56.45 50.82 43.58 36.15 30.09 26.65 22.35 15.92 11.53 10.53 10.43 10.82 8.99 6.90 7.13 10.94 13.60 15.17 16.08 26.91 41.67 48.73 45.18 35.38 31.05 32.19 34.69 36.96 39.07 43.09 40.70 32.77 21.05 10.72 5.38 3.81 4.28 4.95 7.43 7.76 9.79 9.53 7.42 2.31 2.60 2.98 3.22 3.04 2.64 2.34 2.08 1.82
128.24 110.64 98.84 90.43 85.76 80.82 72.45 59.72 49.25 44.36 42.38 41.23 37.31 33.85 33.06 35.45 41.62 48.90 54.32 57.60 62.40 68.11 71.57 70.88 66.00 59.63 54.95 52.52 48.57 38.86 24.77 15.74 14.80 17.85 19.20 16.47 11.75 9.77 11.96 16.67 17.54 19.51 29.04 42.41 48.90 48.45 43.76 42.48 46.87 53.62 57.60 58.12 57.88 53.57 40.99 26.49 12.25 5.33 4.46 5.07 5.46 8.18 12.53 13.35 11.71 9.37 2.42 2.16 2.03 1.81 1.25 0.53 -0.05 -0.54 -0.99
135.67 115.81 98.66 88.49 85.17 79.62 68.89 58.06 48.54 44.58 43.49 46.12 47.22 48.96 52.64 58.42 65.04 71.75 73.06 71.74 72.48 75.89 80.15 82.01 80.85 78.75 77.59 77.09 67.65 51.60 33.01 21.09 19.47 24.07 27.66 26.07 21.50 18.04 17.39 21.67 18.90 21.66 30.05 43.90 54.32 60.11 60.48 59.47 63.12 70.44 75.82 74.79 69.48 61.36 46.28 29.97 15.28 6.61 5.06 5.07 6.12 6.95 10.46 12.65 11.70 7.45 2.39 1.57 0.94 0.29 -0.61 -1.56 -2.30 -2.89 -3.39
138.85 121.20 103.15 91.99 88.60 82.55 71.36 61.23 53.37 49.73 51.57 58.25 66.08 72.63 81.48 89.19 94.56 96.95 94.93 90.44 87.88 88.44 90.69 91.78 92.35 93.01 93.73 89.81 76.82 57.58 39.29 28.42 26.88 32.44 38.73 39.60 36.30 30.36 27.14 26.77 22.20 22.19 30.14 47.20 64.72 77.09 80.57 80.23 81.44 85.09 87.83 84.51 75.22 61.55 43.42 28.80 16.09 6.97 4.93 4.34 5.42 5.33 6.54 9.05 9.13 4.70 2.29 0.90 -0.25 -1.33 -2.53 -3.67 -4.50 -5.09 -5.52
139.56 122.48 107.11 97.15 91.02 85.02 75.23 67.19 62.06 61.95 67.37 75.94 89.81 100.71 110.54 119.25 123.54 123.06 119.22 113.94 111.41 111.28 110.08 106.71 102.86 99.09 93.88 84.27 71.92 56.06 44.01 35.13 35.52 43.05 51.46 54.84 51.79 43.95 37.64 35.56 28.13 27.12 35.41 53.65 77.01 93.34 97.25 97.43 95.38 93.72 91.07 86.18 77.37 59.56 41.22 26.68 15.56 7.31 5.38 3.68 4.07 4.22 5.26 6.63 6.41 4.51 2.15 0.19 -1.46 -2.95 -4.43 -5.71 -6.56 -7.08 -7.37
142.40 126.88 111.07 97.87 89.28 83.21 77.27 73.28 74.02 76.50 81.65 93.82 109.75 124.40 137.75 147.53 150.61 147.84 143.69 141.07 141.60 142.70 139.24 129.45 116.34 102.52 85.43 71.19 59.85 52.37 46.35 43.15 45.72 53.69 64.47 70.95 68.46 60.18 53.13 50.49 44.11 42.47 47.38 63.97 86.50 104.52 110.19 108.58 102.25 96.71 90.05 85.80 80.09 66.47 48.02 31.14 19.38 11.60 9.22 6.82 5.46 3.92 4.21 2.69 5.72 5.01 2.01 -0.48 -2.61 -4.47 -6.21 -7.60 -8.43 -8.84 -8.95
144.90 132.50 116.39 100.54 89.65 84.47 83.91 86.12 92.47 98.89 104.50 120.32 136.37 150.53 164.71 175.63 179.39 177.14 174.96 174.90 176.22 173.87 166.56 151.25 129.08 104.03 81.25 63.29 54.89 52.45 51.95 53.54 58.33 67.34 77.54 85.43 87.75 83.10 75.96 70.21 64.47 60.02 60.59 73.08 93.29 109.52 115.63 112.75 104.81 97.78 91.52 88.34 86.77 82.73 70.72 56.15 42.93 32.24 23.39 14.69 8.51 4.86 2.16 13.48 9.30 5.42 1.91 -1.07 -3.62 -5.82 -7.78 -9.25 -10.05 -10.33 -10.26
144.07 134.95 120.83 104.78 94.73 91.61 94.45 103.22 115.04 126.87 138.64 153.65 168.67 181.68 192.76 203.74 210.61 211.49 209.53 207.72 203.11 194.49 179.88 158.10 131.18 102.10 79.94 65.69 60.55 61.42 63.33 67.30 73.36 80.51 88.63 97.58 105.34 107.02 102.85 96.83 86.01 75.32 70.57 79.69 98.76 113.83 117.93 113.98 105.93 100.83 97.73 96.58 100.39 103.16 99.84 91.59 84.42 72.45 51.88 28.47 13.80 5.97 21.23 15.67 10.39 5.81 1.87 -1.51 -4.41 -6.89 -9.04 -10.58 -11.35 -11.53 -11.31
142.00 135.02 124.06 110.16 101.24 101.38 108.49 120.56 134.57 148.57 163.60 179.61 194.65 208.72 219.79 231.82 240.85 243.81 239.72 231.50 216.19 196.88 172.66 147.62 121.75 100.03 84.25 76.36 74.46 77.56 81.61 84.54 86.41 89.30 94.20 104.19 117.29 126.45 126.59 121.56 108.53 90.43 80.31 87.20 104.10 117.03 119.03 114.05 108.10 105.11 103.13 106.23 113.31 119.39 121.49 117.55 110.46 98.41 71.28 37.13 17.05 6.00 23.01 16.68 11.09 6.20 1.94 -1.75 -4.91 -7.61 -9.90 -11.51 -12.28 -12.41 -12.11
144.42 136.23 125.30 115.76 111.52 117.03 127.37 140.42 153.08 164.71 178.31 194.19 211.44 228.78 244.18 257.23 265.97 264.48 255.74 240.00 215.35 186.76 158.68 134.08 116.16 105.17 96.77 89.82 90.90 98.18 103.14 102.84 100.52 100.24 102.11 111.00 124.83 136.91 140.96 133.88 120.89 102.96 90.95 92.37 104.83 115.89 120.10 117.54 112.80 108.68 106.54 111.37 120.21 128.19 131.11 126.88 114.59 99.24 70.11 36.66 16.87 5.94 23.63 17.14 11.38 6.32 1.90 -1.93 -5.22 -8.02 -10.38 -12.02 -12.78 -12.88 -12.52
150.42 140.11 130.32 125.02 128.96 138.64 152.13 165.11 173.68 181.00 189.11 202.43 221.26 241.78 260.31 273.04 276.83 269.12 251.49 229.70 202.87 173.80 148.97 131.55 125.51 123.17 118.74 111.44 110.95 118.43 122.45 120.56 116.40 114.16 116.06 123.73 134.32 144.91 146.22 138.93 125.60 108.99 97.94 94.23 101.60 114.77 121.62 124.33 122.90 117.79 113.42 113.10 116.70 121.70 122.19 115.05 101.85 83.45 55.33 30.92 14.35 4.22 23.49 16.96 11.17 6.09 1.66 -2.17 -5.45 -8.23 -10.57 -12.18 -12.90 -12.94 -12.52
158.65 148.04 139.06 136.28 142.52 155.03 170.17 183.40 191.79 196.29 200.71 209.91 226.82 248.58 268.14 278.62 274.93 256.99 231.66 206.90 184.19 164.51 149.06 141.51 144.17 149.15 146.09 136.86 133.27 136.85 142.76 143.78 140.24 136.70 136.97 142.47 150.28 156.84 154.17 144.99 130.26 114.88 102.37 95.46 101.66 114.08 125.70 131.58 133.67 129.28 122.50 113.44 106.23 102.63 99.70 92.12 77.76 59.45 40.08 23.88 9.81 9.20 22.98 16.47 10.74 5.74 1.40 -2.33 -5.52 -8.22 -10.49 -12.04 -12.70 -12.68 -12.20
163.26 154.29 145.98 142.98 148.65 161.08 176.12 190.23 200.38 204.83 209.24 217.74 234.22 253.22 268.82 276.74 269.53 248.44 221.63 196.33 178.59 166.48 159.57 158.97 163.46 166.79 162.51 154.36 151.67 157.04 167.31 172.30 170.49 165.30 162.67 165.18 167.64 167.37 162.37 153.86 141.74 125.24 110.69 101.42 107.28 115.84 127.80 136.51 142.53 141.69 131.74 115.60 96.15 82.02 73.38 61.94 47.39 34.51 25.44 15.67 5.03 32.24 22.45 16.01 10.38 5.50 1.29 -2.32 -5.38 -7.97 -10.16 -11.65 -12.25 -12.19 -11.68
165.84 157.89 150.61 147.66 152.65 163.45 177.98 191.55 201.45 208.69 216.47 226.66 240.42 256.21 267.77 273.03 268.42 252.99 230.34 208.60 193.60 183.94 177.99 176.66 177.13 173.82 167.58 162.95 166.62 178.46 190.77 196.60 194.06 189.27 186.83 186.93 185.27 179.59 171.27 161.86 150.53 135.94 121.88 113.41 115.50 120.43 129.35 136.95 143.51 145.25 134.79 115.28 90.25 68.64 51.54 36.42 24.77 17.30 13.57 9.68 19.81 29.87 22.25 15.90 10.37 5.59 1.49 -2.00 -4.97 -7.48 -9.61 -11.06 -11.64 -11.57 -11.07
168.51 164.59 156.53 153.07 157.61 169.20 183.79 196.60 207.39 217.95 228.65 238.19 248.63 260.09 268.99 274.85 276.50 270.59 254.83 236.92 223.56 212.91 204.14 197.93 192.28 184.01 174.71 172.94 182.66 198.68 209.43 213.19 210.92 208.69 209.65 211.11 208.98 201.80 190.17 176.09 159.75 142.71 128.65 119.92 118.89 122.32 127.16 130.08 132.66 133.74 126.37 108.81 84.15 59.39 38.96 22.58 13.09 8.72 6.36 4.60 41.04 30.26 22.76 16.46 10.99 6.26 2.19 -1.27 -4.22 -6.73 -8.86 -10.33 -10.94 -10.91 -10.46
176.77 177.05 168.77 164.02 167.49 179.20 193.14 207.39 221.85 235.58 247.18 255.43 262.49 268.89 275.76 284.18 292.09 290.67 280.39 266.17 253.00 243.20 234.99 225.70 213.86 202.35 192.66 191.68 200.81 215.89 227.38 231.03 232.13 235.78 241.33 244.63 243.87 236.94 222.55 203.93 179.50 154.21 134.89 122.66 117.74 120.28 122.52 120.98 117.68 117.32 112.02 97.20 74.28 48.46 28.87 15.16 7.72 6.04 4.30 2.52 40.37 31.75 24.34 18.05 12.53 7.73 3.57 -0.01 -3.08 -5.70 -7.94 -9.51 -10.23 -10.31 -9.97
194.55 193.27 187.94 183.40 185.07 193.45 204.93 220.00 237.44 255.35 267.96 276.57 281.82 285.54 289.67 298.46 307.25 306.39 297.96 287.50 276.45 267.74 257.83 246.46 233.25 221.68 214.51 214.16 216.62 227.96 244.17 253.63 261.15 269.95 278.38 282.52 280.30 272.80 257.66 236.87 206.75 171.88 144.35 126.97 119.72 119.89 118.92 114.19 108.30 103.65 99.56 87.50 67.43 42.55 25.45 15.09 12.65 12.66 9.09 5.44 45.95 34.54 27.19 20.83 15.16 10.14 5.71 1.85 -1.50 -4.38 -6.84 -8.61 -9.53 -9.81 -9.66
208.82 208.98 207.36 205.75 205.08 208.75 219.64 234.64 254.45 274.41 289.12 299.16 303.54 303.60 302.96 306.62 310.82 308.81 303.73 299.54 291.97 280.54 267.04 253.24 240.84 232.02 229.93 230.76 232.38 239.05 253.56 272.46 289.35 302.27 312.93 316.12 310.85 300.68 286.69 264.93 233.91 194.24 159.34 136.32 125.31 120.54 115.30 111.88 105.79 99.54 93.73 86.18 70.35 49.29 36.11 34.27 34.93 33.00 21.66 11.33 13.77 38.36 31.07 24.60 18.69 13.33 8.53 4.24 0.48 -2.78 -5.56 -7.60 -8.79 -9.34 -9.45
217.06 220.71 221.46 221.38 220.31 223.15 235.04 250.10 268.62 288.18 302.65 310.26 311.81 306.54 298.48 293.47 292.92 293.41 293.68 292.46 286.27 274.13 259.77 247.25 237.70 233.24 234.90 235.80 238.59 244.38 260.08 288.23 314.22 333.38 344.28 347.16 338.41 323.99 307.55 284.87 253.04 213.84 175.83 150.17 134.68 124.13 117.25 114.33 109.22 104.88 101.59 92.85 79.61 63.88 57.98 60.75 62.77 53.62 37.87 20.46 9.79 45.00 37.66 29.13 22.93 17.17 11.89 7.09 2.82 -0.91 -4.07 -6.45 -7.98 -8.85 -9.26
222.63 227.69 229.62 229.62 229.51 234.39 246.49 260.69 274.14 285.81 294.31 296.65 293.82 283.99 271.12 262.24 260.21 264.05 268.88 268.81 264.66 254.31 245.85 238.47 233.30 230.26 233.23 235.98 240.82 249.66 266.65 296.72 327.46 351.33 364.15 368.96 360.88 343.03 322.30 295.48 262.52 224.45 189.34 160.47 142.52 132.43 124.41 120.51 115.64 113.65 109.77 100.64 88.47 77.18 75.06 78.13 78.22 66.23 50.16 32.08 17.34 13.25 8.28 35.37 27.76 21.54 15.71 10.33 5.48 1.22 -2.38 -5.15 -7.06 -8.31 -9.07
228.02 230.01 233.00 233.01 235.02 241.01 249.99 258.95 264.91 265.85 266.81 264.80 261.81 251.82 239.83 230.84 230.85 235.85 240.84 241.85 239.87 237.92 235.95 233.97 228.98 225.98 228.98 237.00 244.02 254.02 270.01 296.99 331.00 354.00 370.01 378.03 371.04 352.04 328.03 301.04 268.04 231.04 195.04 166.04 149.04 140.04 134.04 128.03 119.01 113.98 107.97 102.99 95.03 88.05 86.05 87.05 87.05 77.06 63.07 47.08 29.07 18.04 9.02 5.91 33.02 26.31 19.90 13.90 8.42 3.59 -0.49 -3.68 -6.01 -7.67 -8.83
229.75 230.54 230.38 231.43 234.36 237.04 241.62 244.24 243.96 238.78 235.72 234.91 234.09 226.33 217.60 211.76 211.71 215.63 218.60 221.72 223.93 227.12 229.32 228.45 225.67 223.91 226.96 236.99 247.21 257.15 271.04 294.78 327.55 351.59 368.64 377.78 372.99 355.28 333.45 307.53 275.57 237.62 202.75 173.76 154.55 144.31 138.33 129.05 117.86 108.66 101.61 98.68 97.02 93.23 92.31 93.41 94.62 86.68 73.78 58.76 39.77 24.57 13.40 8.18 36.38 31.51 24.37 17.73 11.61 6.18 1.60 -2.02 -4.81 -6.92 -8.50
220.74 218.69 217.50 218.16 218.93 217.44 217.03 216.71 215.87 212.51 212.08 214.72 215.96 211.14 205.33 200.68 199.39 202.09 206.53 210.73 213.58 216.35 219.38 220.92 221.77 224.43 228.59 237.28 249.29 258.39 271.04 291.32 319.42 343.11 359.87 371.22 370.22 358.05 338.58 313.79 281.83 246.51 214.14 185.05 162.06 147.15 140.57 128.63 115.49 105.65 99.01 96.01 95.89 94.22 94.60 97.97 102.05 94.28 82.34 66.32 48.74 32.56 18.86 10.30 1.14 32.05 29.03 21.76 15.00 8.98 3.90 -0.18 -3.44 -6.01 -8.04
203.86 202.88 200.81 198.19 198.04 195.19 194.17 193.51 195.03 196.92 200.79 207.45 209.50 204.30 198.19 194.56 191.24 192.17 199.25 204.03 204.35 204.98 208.30 214.70 222.02 229.25 234.63 241.42 252.20 261.80 270.51 285.10 306.65 326.42 341.26 354.65 360.70 354.11 339.47 318.00 288.28 258.42 229.37 198.94 168.66 147.29 135.37 125.74 113.13 105.65 102.06 99.06 96.72 97.49 101.42 106.31 108.93 103.27 91.32 74.74 59.99 42.95 24.09 13.09 6.06 0.80 34.81 26.75 18.61 12.01 6.44 1.90 -1.84 -4.90 -7.41
198.91 198.46 196.46 192.32 189.99 187.19 185.78 187.04 190.48 195.62 202.10 210.62 212.87 206.76 198.40 190.52 186.23 186.42 191.68 193.25 190.14 190.29 196.47 208.98 221.78 233.96 242.21 250.05 259.46 264.66 266.57 274.36 288.86 304.60 319.85 333.27 342.08 342.43 334.31 322.69 301.56 274.93 242.83 210.20 176.54 150.36 135.70 126.48 115.88 110.33 107.44 104.47 101.44 104.44 112.98 117.39 117.06 112.17 99.62 80.03 64.48 47.08 27.99 18.07 11.40 5.10 27.21 21.08 22.76 15.56 9.46 4.41 0.12 -3.50 -6.56
214.03 215.42 213.42 209.62 201.11 191.85 186.95 186.98 191.30 198.22 205.63 214.02 217.64 211.83 201.47 192.07 186.12 183.22 184.01 179.90 174.64 176.34 187.04 203.40 220.15 235.24 247.31 258.06 265.29 263.86 260.36 259.93 265.78 280.96 297.42 310.01 319.90 326.96 326.71 323.74 312.16 287.93 254.24 219.08 185.89 156.89 139.34 129.32 119.63 114.75 111.36 108.02 104.68 105.87 116.52 123.99 120.56 115.16 100.33 80.84 63.11 45.96 31.32 21.37 15.15 9.25 1.42 0.21 27.49 19.63 12.95 7.34 2.44 -1.83 -5.53
235.83 239.37 237.31 231.46 217.05 200.95 190.67 186.63 188.30 193.31 202.05 207.88 210.53 207.56 201.96 195.24 188.91 183.86 177.28 168.12 163.61 168.09 182.70 201.87 218.94 234.08 247.45 257.29 261.87 257.98 251.93 244.70 240.10 249.96 267.14 281.64 293.91 303.04 310.46 312.11 308.69 294.84 264.94 226.02 193.48 163.47 141.74 131.25 123.73 118.18 114.24 109.74 105.06 104.44 111.97 119.80 118.09 111.72 99.36 82.96 66.38 53.84 41.89 31.40 23.41 16.74 11.27 8.14 34.15 23.99 16.71 10.50 4.94 -0.01 -4.38
242.93 248.22 246.75 236.93 220.83 204.43 192.02 184.55 182.18 185.62 193.10 198.80 198.98 198.05 197.68 195.65 192.53 185.77 172.96 160.64 156.76 164.24 181.58 201.62 218.62 232.65 243.49 249.46 250.73 248.45 240.37 228.65 215.18 216.64 232.66 248.55 265.59 275.63 285.96 290.53 294.24 293.70 271.00 232.66 195.45 164.40 141.32 130.20 124.95 119.56 114.51 108.80 104.93 103.74 108.47 113.19 115.06 111.81 105.21 95.81 86.55 78.38 68.53 57.34 47.71 36.64 25.16 16.93 21.81 30.12 20.50 13.71 7.50 1.87 -3.18
228.35 232.12 231.77 225.40 214.75 203.61 193.31 185.77 182.08 183.81 187.84 192.03 192.68 192.99 194.07 193.95 191.99 185.50 171.88 158.11 153.57 160.42 178.79 199.70 216.85 229.62 236.69 235.92 233.95 231.52 220.15 208.22 192.27 184.50 197.94 218.62 236.59 248.76 260.30 267.73 275.74 280.44 268.29 237.31 198.98 165.37 141.53 131.29 126.33 120.90 113.67 108.39 105.39 105.78 109.01 112.24 116.12 117.39 115.08 112.70 109.01 104.13 96.51 86.89 76.16 63.04 45.97 28.28 15.38 15.52 24.13 16.79 9.96 3.69 -2.00
204.58 206.18 206.98 207.76 205.06 199.99 194.91 189.50 184.69 184.14 184.86 185.51 186.53 188.37 190.22 189.39 188.10 183.69 172.21 158.19 151.74 156.41 171.71 190.74 206.39 216.99 219.85 214.40 209.12 203.74 193.58 183.99 168.46 157.33 163.56 184.70 204.12 219.94 233.96 246.76 259.04 264.80 259.69 238.36 206.25 173.34 150.66 139.83 134.90 126.67 116.49 110.87 108.73 109.78 112.82 115.80 119.18 121.19 122.57 123.19 120.98 117.91 111.67 102.79 91.77 78.06 60.59 38.90 20.33 10.03 27.38 19.55 12.18 5.34 -0.91
193.48 191.91 193.05 196.12 199.60 197.22 194.21 189.24 184.16 182.39 180.62 179.78 180.84 182.85 183.94 183.73 183.67 179.88 169.95 155.95 147.19 147.95 157.07 171.01 183.51 190.82 192.02 185.12 177.47 171.31 167.30 160.61 148.66 139.38 136.65 150.01 171.95 193.27 212.45 229.06 241.31 248.18 247.47 234.97 212.36 185.21 165.65 155.38 149.58 138.75 125.17 117.55 114.88 116.06 118.14 121.20 122.39 125.26 128.16 130.06 128.81 124.78 119.72 109.79 98.98 84.04 69.15 46.50 22.83 11.15 30.03 21.82 14.02 6.73 0.03
195.49 192.62 191.83 193.09 196.22 196.99 193.02 187.90 183.87 180.04 178.11 176.21 176.28 178.28 180.13 181.07 180.26 173.62 160.90 146.85 137.85 134.17 136.77 145.24 155.39 163.32 162.48 155.60 145.80 141.71 142.40 140.97 136.45 127.30 118.54 125.91 145.28 168.36 191.23 209.14 220.03 226.96 230.55 227.80 214.16 193.68 177.46 169.37 162.35 152.16 137.00 127.12 121.39 119.59 122.68 124.75 126.63 129.60 132.60 134.56 135.36 134.08 128.15 119.08 105.27 91.49 71.21 44.59 22.28 9.17 31.98 23.48 15.37 7.76 0.75
