Ex01_Data/HKtopo.asc
ncols 876
nrows 635
xllcorner 113.94415283203125
yllcorner 22.189988859134044
cellsize 5.4931640625E-4
nodata_value -2147483648
[rows 238 to 271 of 635, columns 300 to 374 of 876]
591.84 606.93 615.21 616.46 613.80 605.87 590.70 578.70 569.97 569.20 570.26 569.17 568.02 570.79 584.45 604.19 627.08 643.93 658.77 675.52 693.25 714.19 740.17 765.02 783.03 798.31 813.73 829.16 838.37 841.25 836.08 826.63 813.28 804.96 797.72 789.63 778.55 766.57 754.76 746.71 738.47 727.21 714.98 698.85 678.83 647.00 608.12 575.85 552.64 530.79 510.10 488.46 466.86 446.35 432.82 436.09 448.13 463.96 475.74 480.61 482.65 489.81 501.94 516.88 528.88 536.11 537.39 533.38 522.03 506.72 489.54 468.79 445.22 422.42 403.21
577.09 588.11 593.12 591.13 587.13 581.12 570.09 556.10 545.12 542.13 543.13 543.12 545.09 553.05 572.03 593.03 615.05 633.05 651.04 672.01 693.00 714.00 739.00 765.00 783.99 797.00 809.02 818.06 823.09 825.10 822.09 818.06 812.02 807.00 800.99 792.99 782.99 771.99 757.99 749.99 742.99 734.98 724.97 710.96 689.96 658.94 621.92 593.91 570.92 543.95 515.99 490.01 464.03 438.04 421.06 421.08 433.09 451.08 466.06 473.05 474.06 478.08 488.09 502.11 514.11 519.11 518.11 514.10 508.08 497.06 482.04 460.04 433.05 409.05 391.05
560.83 568.69 571.58 569.67 565.72 562.72 555.80 540.82 525.63 520.52 521.52 524.84 533.34 550.99 572.18 592.18 608.88 624.68 644.67 669.75 692.86 713.90 738.96 764.88 784.87 796.75 804.58 807.16 805.84 803.52 801.54 803.97 806.55 805.85 799.93 792.92 783.95 771.97 760.03 751.99 743.95 735.91 726.85 713.89 695.00 668.36 637.73 608.66 581.31 549.05 513.81 484.67 457.64 430.55 411.44 407.09 416.77 434.70 452.76 460.84 459.81 460.74 467.64 478.27 489.12 497.31 497.70 496.93 492.99 485.04 473.14 452.30 427.54 402.63 383.64
543.29 550.05 552.05 552.08 549.11 544.07 535.97 521.98 506.23 500.26 501.34 509.82 525.97 551.72 576.55 597.81 611.71 624.30 641.84 665.66 689.94 712.02 737.70 761.32 780.10 789.80 796.34 793.84 789.43 783.39 781.61 788.92 798.43 802.18 798.59 790.61 781.63 770.46 758.35 749.29 741.39 732.34 721.01 707.81 689.87 668.26 641.63 611.48 578.88 544.87 510.29 480.19 453.16 425.29 405.25 395.55 398.61 413.81 430.28 439.13 439.68 442.47 449.54 453.98 461.05 471.09 480.11 482.71 478.80 469.63 457.40 440.10 419.80 398.57 380.85
523.57 527.80 528.93 527.30 524.71 521.46 514.09 500.94 488.62 483.98 486.52 496.91 520.01 548.84 579.46 602.94 618.71 629.87 644.72 667.80 693.94 715.67 736.18 755.80 771.88 779.04 781.04 776.88 771.08 767.80 768.13 774.60 784.54 793.48 793.39 786.95 777.69 764.53 751.42 742.40 735.63 726.61 713.24 697.74 679.64 658.77 632.33 600.92 565.48 532.67 502.44 473.10 446.63 421.32 401.17 387.38 383.95 390.91 400.97 407.69 414.14 424.54 433.33 436.13 436.24 444.45 457.71 464.20 461.63 451.54 437.59 425.49 411.30 396.80 380.88
502.27 501.43 496.97 492.50 491.40 492.89 490.84 483.48 474.90 472.90 479.35 493.05 517.74 548.54 579.47 605.15 625.26 639.36 656.98 681.51 707.55 726.03 738.99 750.47 760.05 763.02 761.16 757.40 754.15 753.34 754.38 757.63 765.92 776.96 781.03 778.24 768.87 755.98 743.40 734.62 729.01 720.22 706.64 689.24 669.11 647.48 617.41 583.66 547.98 516.76 489.93 465.64 442.53 420.10 398.43 381.43 371.40 368.66 369.47 375.01 387.16 402.16 415.06 418.80 417.79 421.93 432.55 439.38 438.81 429.09 416.13 406.74 400.32 391.71 376.45
480.63 473.83 466.21 460.71 458.36 461.98 464.89 462.62 459.96 464.04 476.15 495.95 518.28 545.77 574.37 602.04 624.59 643.67 667.57 694.90 720.52 734.88 741.65 744.52 745.72 745.37 742.18 739.72 737.54 736.92 738.34 739.82 743.38 752.41 759.34 760.90 755.34 745.06 735.58 728.31 723.05 715.88 704.83 686.43 662.48 635.94 603.63 568.72 536.57 509.10 487.14 466.60 443.85 421.35 398.59 378.52 363.00 352.63 347.59 349.89 361.91 377.63 391.54 398.75 400.19 402.95 408.41 413.86 413.88 404.81 392.14 382.22 376.31 368.63 356.88
464.93 454.23 445.69 440.16 436.02 436.99 439.03 440.61 444.58 456.43 473.07 496.77 519.96 543.27 567.27 594.02 617.50 640.96 667.94 696.90 721.95 734.99 737.65 735.18 732.13 729.69 727.29 724.52 721.09 721.22 722.68 723.62 722.75 727.22 735.89 742.37 742.14 737.56 732.08 727.17 720.68 714.99 704.70 685.28 659.13 629.04 597.88 565.32 538.57 515.50 498.26 476.43 449.01 423.02 401.15 380.98 363.25 349.02 337.88 333.50 338.95 349.82 361.50 372.07 377.59 381.43 385.65 391.49 391.73 383.87 372.29 358.60 345.74 333.39 324.72
451.49 439.54 430.56 425.03 420.95 420.12 421.45 425.43 435.38 450.02 469.48 494.71 521.62 543.53 563.64 587.32 611.95 634.17 659.32 685.49 709.75 721.13 723.67 720.94 719.42 719.82 716.71 711.44 706.22 705.64 707.68 708.47 707.21 708.36 716.90 727.84 734.52 735.41 733.18 729.22 721.51 713.84 702.41 681.26 654.67 627.33 598.67 568.62 544.11 525.72 510.02 485.61 453.32 424.32 401.87 382.84 365.30 349.61 334.64 323.43 318.90 322.46 330.76 343.64 352.47 358.61 364.17 371.93 375.31 372.17 362.04 347.39 327.50 309.91 300.48
439.48 425.44 415.83 409.72 408.16 408.33 411.51 419.70 434.33 451.27 470.06 494.38 522.80 544.19 562.39 585.16 610.05 632.29 651.41 670.40 689.82 700.18 702.46 702.69 705.15 706.78 702.70 696.40 690.09 689.05 692.45 695.04 695.94 696.83 704.03 716.91 727.44 733.29 733.62 730.15 722.65 712.85 698.76 676.00 650.65 626.35 598.05 566.49 538.99 521.76 504.47 480.53 449.55 422.47 398.07 380.43 363.93 347.82 333.46 319.43 309.71 306.53 311.73 323.78 334.66 343.10 349.75 357.18 362.49 363.58 357.85 344.27 324.10 304.80 291.63
428.30 412.86 401.91 396.69 395.74 398.41 404.72 417.80 436.72 456.20 473.16 497.28 522.32 542.52 560.50 585.12 611.59 634.79 648.05 658.14 669.08 678.35 681.17 680.99 681.26 680.90 676.83 673.08 669.33 668.04 675.65 683.95 687.29 688.92 696.59 708.84 720.67 728.55 731.01 729.37 723.80 713.70 698.55 675.38 651.25 625.34 593.58 556.00 524.57 503.66 485.05 464.35 441.44 416.15 390.81 373.72 360.14 344.84 330.87 318.39 308.26 301.63 302.03 309.54 320.23 329.42 337.15 343.28 346.59 350.29 348.53 338.22 322.79 304.90 290.89
412.84 401.82 392.40 387.41 386.47 388.64 396.61 412.32 435.62 457.24 476.74 499.34 521.75 541.55 559.30 583.47 611.67 633.33 642.13 644.19 649.64 657.77 659.99 655.72 651.35 647.74 644.60 642.50 640.34 642.59 654.97 669.96 677.05 680.53 689.40 701.51 713.59 721.42 725.98 727.39 723.95 714.75 700.67 679.39 654.60 623.46 586.23 545.36 513.26 488.75 467.35 448.25 429.82 406.36 384.61 369.32 355.51 341.38 327.32 315.35 306.33 298.51 293.33 294.54 299.81 307.35 316.34 323.00 327.44 330.61 332.35 328.19 318.05 305.98 291.06
397.42 391.92 384.71 379.71 377.78 379.77 386.85 403.83 430.64 454.47 475.41 492.93 512.25 535.04 556.55 580.50 604.07 619.78 623.33 621.59 626.65 634.77 635.84 627.90 620.98 616.88 613.84 611.80 610.61 616.29 631.13 650.88 664.35 671.95 681.00 691.22 702.34 713.04 720.67 725.34 725.02 716.78 701.85 680.99 655.14 620.33 580.49 540.28 509.21 482.37 457.57 438.57 422.45 402.16 383.89 368.94 354.94 340.86 327.74 315.74 304.97 296.17 287.44 281.03 278.66 282.19 289.55 299.43 308.07 311.06 311.26 313.75 312.00 304.62 290.50
384.34 383.23 378.17 373.17 371.17 373.13 380.12 396.13 423.17 448.16 469.17 482.24 498.29 521.29 548.22 573.22 591.32 599.48 597.58 593.66 596.75 601.84 602.88 597.81 591.76 589.70 587.63 586.56 588.48 597.46 613.49 633.48 650.39 661.33 669.34 677.38 687.39 700.38 712.30 720.23 723.13 719.01 704.00 680.04 652.10 617.09 576.07 539.01 508.00 480.00 454.99 435.99 420.00 401.96 385.96 369.97 355.96 343.92 331.89 319.89 306.93 295.01 284.08 274.13 267.20 264.33 266.45 274.54 285.59 288.60 287.57 293.52 297.46 293.39 280.35
369.19 372.42 370.55 365.55 363.58 368.69 376.80 392.87 416.73 441.67 461.61 473.68 488.75 511.71 538.65 562.48 578.31 581.13 575.90 567.67 565.45 566.26 564.09 561.08 558.16 558.27 561.56 564.78 569.85 577.73 589.53 610.53 631.76 644.93 653.02 660.09 670.09 682.03 695.98 706.07 714.32 715.54 701.74 677.80 646.75 612.84 575.01 538.97 509.03 482.14 458.29 439.26 422.17 405.16 387.08 371.05 358.08 347.07 336.10 324.13 310.08 294.97 280.89 269.86 261.78 254.65 252.46 255.18 259.87 261.82 264.98 270.98 274.99 273.00 262.14
353.31 360.35 360.56 355.65 354.79 360.92 372.33 390.44 412.15 435.08 454.02 469.45 487.90 509.93 534.46 552.57 563.76 564.32 553.88 541.67 536.43 534.12 528.99 523.61 520.25 522.27 530.65 538.14 543.12 547.92 556.93 576.68 601.81 619.31 630.84 641.27 651.54 662.46 673.20 684.07 696.21 700.73 693.64 672.15 642.56 610.75 575.81 537.69 508.91 485.42 465.80 446.03 426.81 408.58 389.45 372.29 359.21 347.17 336.07 325.03 309.87 293.92 280.12 269.23 258.92 250.78 245.44 243.02 242.50 243.19 248.13 254.17 258.09 255.12 247.61
344.01 348.40 349.15 345.38 345.43 352.82 367.50 385.40 405.10 427.64 446.74 465.18 486.23 509.52 530.09 541.05 544.41 540.50 528.17 516.36 510.22 505.53 500.34 491.99 484.31 484.88 493.46 503.49 508.92 514.66 526.42 544.44 568.14 588.06 603.36 616.53 630.01 641.68 651.74 660.48 670.73 679.33 679.92 664.36 638.94 608.18 572.06 534.33 507.76 488.54 470.83 454.20 434.64 414.13 393.87 375.96 361.70 349.34 337.45 325.38 309.47 294.36 282.40 272.18 260.39 251.30 244.17 239.53 236.04 233.35 235.78 241.00 243.67 242.07 238.97
342.75 344.02 342.64 339.72 339.91 349.25 366.93 386.15 405.05 424.18 441.95 460.12 479.91 503.31 523.20 532.69 529.76 521.89 509.07 498.02 489.90 480.05 470.97 461.60 453.36 452.41 457.90 466.76 475.89 487.71 503.75 523.18 543.61 560.78 575.26 588.69 604.61 620.19 631.72 639.13 645.87 655.95 663.47 655.24 631.64 601.62 566.24 531.33 506.93 490.12 473.51 457.62 440.84 419.11 398.23 381.56 366.65 352.67 341.71 329.71 315.08 299.00 284.93 272.07 262.25 253.44 246.41 239.22 233.36 227.95 226.76 226.45 226.37 226.61 227.77
340.70 340.51 337.99 334.86 336.55 347.15 367.05 391.25 410.70 426.11 439.12 452.33 469.93 489.74 510.14 522.93 521.45 512.87 500.94 487.59 472.71 454.59 437.60 427.79 424.54 425.27 430.56 440.17 453.84 471.20 489.73 508.83 523.11 536.96 549.82 566.07 584.34 600.05 614.00 619.67 626.09 636.80 647.58 643.53 620.46 591.35 560.15 529.24 506.91 490.26 473.67 457.32 440.28 421.39 402.08 386.11 373.16 361.11 350.42 338.55 324.36 308.36 290.63 274.66 264.26 257.04 250.30 242.95 234.02 227.38 222.56 218.34 214.07 213.19 215.53
331.85 332.30 329.97 328.22 332.15 346.10 366.83 390.83 410.17 422.44 433.23 444.76 458.41 475.30 496.03 511.64 515.73 510.11 498.06 480.60 456.94 431.19 411.99 404.08 402.95 405.65 411.89 424.05 440.65 461.16 480.56 496.45 506.77 517.09 530.03 547.95 565.78 580.77 595.00 602.64 610.62 622.87 632.92 626.83 605.02 579.75 553.67 527.30 507.97 491.92 473.16 455.98 439.31 423.42 406.35 390.69 380.62 372.53 363.16 349.97 334.23 318.34 301.19 284.28 273.55 267.57 262.54 254.36 244.11 234.61 226.95 219.68 212.68 207.84 205.99
318.54 319.67 320.52 321.73 327.96 344.32 363.84 383.51 399.87 411.67 422.96 437.05 451.67 467.49 486.53 502.79 509.50 506.71 495.41 474.64 446.55 417.44 398.02 390.49 388.08 390.16 394.49 406.63 425.00 447.93 469.23 483.92 493.03 502.50 515.66 531.13 545.43 560.01 572.83 584.59 598.16 609.32 614.15 603.76 585.33 565.13 543.51 523.23 508.96 493.80 476.21 460.26 445.29 430.13 415.02 400.85 393.63 389.04 379.12 362.48 343.48 326.98 311.23 297.44 288.47 283.32 279.29 272.14 263.05 251.81 238.94 227.12 218.10 209.27 203.58
310.46 311.02 312.50 315.24 322.33 337.31 355.03 372.27 385.83 398.92 414.45 430.78 446.33 463.35 479.51 492.46 500.16 498.98 486.85 464.07 437.19 410.62 389.27 375.66 370.94 370.54 373.41 383.08 400.50 422.01 443.08 460.05 472.20 487.59 505.50 517.32 527.72 540.29 553.73 567.95 582.62 590.20 588.80 577.57 563.18 547.44 528.12 514.28 505.05 493.61 479.42 464.87 452.05 439.16 428.16 418.31 412.44 408.24 395.91 375.89 351.94 328.39 311.44 300.49 293.82 292.39 289.26 285.75 279.66 269.17 252.49 236.89 224.76 214.05 205.02
307.11 304.68 305.65 308.60 315.68 326.61 343.17 359.53 372.33 388.64 408.01 425.83 440.12 453.46 466.19 478.10 486.21 484.71 470.36 447.26 422.75 399.37 377.24 360.06 350.81 349.90 352.83 360.94 373.85 389.62 406.92 425.30 444.83 465.82 486.75 498.34 508.89 521.21 537.27 554.52 567.20 570.22 565.64 556.07 544.62 528.74 511.27 499.75 492.84 484.32 474.05 462.64 452.66 446.75 441.44 435.77 429.84 421.35 407.75 386.06 354.72 322.87 301.28 288.20 283.30 285.07 287.71 288.01 284.39 275.55 259.56 243.95 231.54 219.76 209.14
300.54 298.90 299.77 303.61 309.77 319.90 331.76 346.13 360.81 377.92 398.11 416.26 429.33 440.34 451.39 463.45 470.88 466.61 449.13 426.90 403.64 380.68 359.45 344.81 336.42 333.74 337.52 346.34 358.33 368.17 379.98 394.69 414.20 438.92 459.93 472.66 485.22 502.36 521.80 540.82 550.53 551.05 545.50 537.64 527.18 513.29 496.06 480.84 471.67 465.31 460.18 454.95 449.02 448.43 447.10 443.12 436.41 422.98 406.58 382.82 348.53 316.00 290.27 274.74 266.66 267.48 271.14 273.10 272.58 268.54 258.02 245.99 234.71 222.76 209.43
292.66 295.23 297.90 301.86 308.00 315.36 325.41 338.53 353.60 369.68 388.00 404.13 418.04 429.99 441.90 453.08 456.62 448.09 429.16 407.93 386.76 363.76 343.63 331.58 323.59 320.48 325.40 334.46 345.64 352.78 362.73 375.65 393.57 416.82 437.86 452.60 467.44 486.44 508.38 525.76 531.23 527.71 517.39 505.99 500.66 492.96 479.27 461.27 446.88 441.85 443.17 443.54 443.03 443.97 442.13 436.36 427.67 413.65 394.70 371.35 341.42 312.84 288.54 269.84 257.31 251.19 249.00 250.44 251.42 252.01 250.98 245.19 235.88 223.06 206.30
290.00 294.89 300.81 305.81 308.91 313.96 324.00 336.00 350.05 366.12 381.17 398.21 412.23 423.30 435.32 444.44 443.61 431.68 412.60 394.50 373.52 350.52 331.47 317.55 309.55 308.47 313.50 321.55 330.62 337.55 349.43 365.27 386.19 408.23 428.24 445.19 460.19 478.26 498.38 511.53 513.65 506.76 490.91 474.13 467.34 464.26 458.01 442.84 423.84 417.87 423.81 429.64 431.55 432.55 429.55 422.58 410.65 396.68 379.58 361.34 341.92 318.67 296.57 276.60 260.69 247.89 239.15 233.44 233.56 236.55 242.40 243.20 237.10 222.16 205.11
292.20 300.21 306.19 310.14 312.12 317.14 325.11 338.07 351.01 363.97 379.95 393.86 406.81 415.76 426.69 432.62 428.55 416.57 401.66 384.66 362.62 339.64 321.69 306.69 298.69 298.69 302.71 309.71 317.70 327.78 342.92 363.03 383.94 404.81 425.81 442.83 457.84 473.83 490.78 501.69 501.64 492.59 475.58 454.47 440.25 436.17 433.24 422.45 408.65 402.63 406.52 414.50 418.55 419.61 417.71 410.80 398.82 383.77 368.82 355.92 344.07 327.20 307.26 287.24 270.18 255.21 241.16 230.04 225.90 226.78 232.67 235.63 230.61 215.63 200.70
302.08 307.92 312.58 314.49 316.54 322.73 330.66 340.38 351.15 364.02 377.63 389.55 400.45 408.40 416.13 420.87 415.84 404.89 390.79 372.46 349.42 327.69 311.84 297.95 289.87 288.89 295.05 303.24 311.31 323.65 343.98 365.94 381.28 395.42 415.00 433.40 449.79 467.06 483.99 491.63 490.44 480.39 463.46 440.58 420.27 412.97 411.18 408.78 401.19 394.17 393.47 397.89 402.94 407.52 411.48 410.05 399.23 382.13 368.19 356.09 346.12 331.22 312.10 290.98 271.88 260.22 248.82 235.85 227.53 222.80 221.88 220.28 212.97 199.14 186.66
311.10 315.77 316.35 318.29 321.92 330.19 337.16 344.75 353.21 363.66 373.29 384.96 396.11 404.27 409.71 411.12 405.85 394.72 378.28 355.56 332.39 313.73 299.10 286.46 277.66 278.04 285.28 295.55 304.76 319.58 340.00 359.36 368.35 374.11 388.57 412.50 434.73 455.09 470.91 475.60 472.32 462.34 446.67 427.21 408.03 399.17 399.15 399.21 393.51 386.08 378.20 376.39 381.27 392.12 406.63 410.80 402.32 385.55 371.07 356.83 345.39 330.26 309.25 287.29 268.36 260.15 256.33 246.16 235.71 223.39 212.83 204.46 194.14 182.97 177.05
312.27 314.71 314.82 317.73 325.43 334.50 341.06 346.77 352.11 359.48 367.91 378.23 390.30 399.14 401.72 399.85 392.21 379.85 361.82 336.70 312.81 294.88 282.11 271.31 265.01 266.92 274.63 286.08 296.18 306.82 320.90 335.38 341.39 345.75 360.80 387.94 415.31 436.26 450.77 454.20 450.07 439.70 426.28 410.94 398.49 392.07 391.03 389.69 384.30 373.87 363.42 359.03 362.51 375.55 395.28 405.42 400.46 386.43 369.63 354.11 338.69 322.39 302.87 282.59 265.81 261.16 261.84 256.88 244.91 227.21 209.77 194.29 182.93 176.97 176.01
305.29 305.45 307.14 313.72 323.48 332.48 337.09 341.07 344.68 349.92 357.14 369.41 381.45 389.38 390.94 385.97 377.03 364.41 348.67 326.30 304.03 286.07 272.17 260.64 254.88 255.98 260.60 271.16 280.83 287.09 294.46 305.58 315.45 329.59 349.65 374.76 398.88 417.70 430.11 432.29 428.74 419.18 407.49 396.69 388.71 384.11 382.74 381.03 373.88 362.44 351.41 345.72 347.29 358.60 378.05 390.36 389.93 380.41 366.13 348.57 329.41 312.25 295.05 277.89 265.67 260.18 260.44 258.03 247.76 229.93 209.55 191.46 179.96 176.47 178.10
296.56 295.91 299.31 306.70 318.32 327.43 330.67 332.20 334.33 337.71 345.35 356.12 367.80 375.80 377.21 371.88 365.06 356.12 344.63 326.88 306.07 287.81 270.75 256.22 247.15 246.61 247.59 252.96 261.89 268.25 275.16 289.68 306.55 327.18 348.05 369.24 387.23 400.98 409.81 412.88 413.10 408.73 399.62 386.47 379.45 376.21 374.46 373.15 366.10 354.40 342.98 335.47 336.02 345.40 363.06 374.31 376.90 371.35 359.29 341.86 325.00 308.69 292.77 277.45 264.82 256.14 252.44 250.30 241.54 225.52 206.16 190.29 181.07 178.62 179.83
291.92 291.25 296.83 305.82 317.35 325.55 325.98 325.52 325.94 329.48 336.35 344.45 354.26 362.39 363.99 360.64 357.27 353.69 344.46 327.05 305.59 285.01 266.82 251.51 241.39 236.69 235.51 239.27 248.40 255.39 266.10 286.64 308.32 327.45 345.80 363.37 378.01 387.19 391.77 394.71 398.66 395.84 388.02 375.89 370.48 370.18 370.37 367.71 361.24 350.77 338.64 329.99 329.20 338.74 353.82 362.64 366.76 363.87 353.26 339.30 326.46 312.91 297.31 281.24 265.73 253.17 245.07 240.22 230.36 214.95 198.99 187.02 181.13 178.53 178.41
287.63 288.47 296.17 307.60 318.70 323.08 320.68 316.65 316.04 319.53 327.09 336.72 346.18 353.14 353.53 350.43 349.69 347.95 338.59 320.68 298.15 275.38 257.72 245.49 235.49 228.16 226.06 230.77 238.51 245.99 258.84 281.36 301.37 317.07 333.71 351.73 366.27 373.20 377.38 380.94 383.80 380.94 371.70 363.22 359.44 360.80 361.40 359.20 353.32 343.93 332.34 323.42 323.90 333.46 344.11 352.16 357.11 356.25 348.53 338.47 328.70 319.43 305.74 289.21 269.96 253.29 240.80 230.75 218.05 202.08 190.09 182.72 180.10 178.17 178.03
