Ex01_Data/HKtopo.asc
ncols 876
nrows 635
xllcorner 113.94415283203125
yllcorner 22.189988859134044
cellsize 5.4931640625E-4
nodata_value -2147483648
[rows 544 to 577 of 635, columns 300 to 374 of 876]
-2.97 -4.02 -5.36 -6.73 -7.88 -8.55 -8.49 -7.44 -4.97 -1.13 3.60 9.84 15.28 1.26 3.39 4.11 5.10 4.42 7.41 6.20 5.62 14.38 10.49 7.43 4.08 0.09 -4.31 -8.85 -13.31 -17.43 -20.98 -23.71 -25.55 -26.70 -27.32 -27.59 -27.66 -27.70 -27.88 -28.35 -29.12 -30.01 -30.97 -31.93 -32.83 -33.62 -34.22 -34.58 -34.70 -34.65 -34.46 -34.12 -33.67 -33.11 -32.48 -31.77 -30.98 -30.08 -29.09 -28.00 -26.82 -25.57 -24.24 -22.86 -21.63 -20.65 -19.73 -18.67 -17.27 -15.35 -12.70 -9.42 -4.81 3.58 9.78
3.31 2.27 0.87 -0.61 -1.89 -2.67 -2.55 -1.61 1.20 5.61 11.16 3.40 4.07 1.33 4.16 4.98 6.75 7.60 6.34 5.29 5.20 7.25 12.37 8.88 5.34 0.94 -3.85 -8.75 -13.50 -17.88 -21.64 -24.53 -26.46 -27.62 -28.20 -28.38 -28.34 -28.28 -28.36 -28.77 -29.50 -30.35 -31.27 -32.21 -33.08 -33.85 -34.44 -34.80 -34.93 -34.90 -34.73 -34.43 -34.02 -33.51 -32.93 -32.30 -31.58 -30.77 -29.87 -28.87 -27.81 -26.67 -25.47 -24.22 -23.13 -22.28 -21.49 -20.57 -19.33 -17.60 -15.18 -11.89 -7.56 -2.49 3.50
10.23 9.25 7.81 6.76 5.30 4.36 2.54 5.36 5.55 5.94 4.60 3.49 6.07 7.80 10.51 14.13 17.04 18.00 16.85 16.66 18.47 20.14 20.91 14.50 6.37 1.34 -3.68 -8.92 -13.96 -18.58 -22.53 -25.57 -27.58 -28.75 -29.28 -29.36 -29.20 -29.01 -28.98 -29.31 -29.98 -30.77 -31.63 -32.50 -33.32 -34.04 -34.61 -34.95 -35.09 -35.08 -34.94 -34.68 -34.32 -33.87 -33.36 -32.79 -32.16 -31.45 -30.65 -29.77 -28.82 -27.80 -26.72 -25.57 -24.55 -23.74 -22.96 -22.06 -20.88 -19.26 -17.02 -14.02 -10.18 -5.62 -0.48
17.14 16.24 14.81 3.07 3.05 3.02 4.92 7.97 8.89 8.83 6.72 8.62 13.47 19.17 27.91 33.82 36.77 38.72 40.55 42.49 44.54 47.61 45.74 33.04 16.46 4.79 -3.69 -9.22 -14.52 -19.34 -23.45 -26.61 -28.70 -29.86 -30.33 -30.32 -30.04 -29.72 -29.58 -29.84 -30.44 -31.16 -31.95 -32.75 -33.51 -34.18 -34.70 -35.03 -35.18 -35.19 -35.08 -34.87 -34.57 -34.19 -33.75 -33.27 -32.73 -32.12 -31.44 -30.69 -29.86 -28.96 -27.99 -26.93 -25.95 -25.11 -24.29 -23.34 -22.15 -20.58 -18.50 -15.79 -12.47 -8.68 -4.45
23.38 22.62 20.95 6.04 5.04 5.02 6.00 6.97 10.00 12.06 14.15 18.22 27.32 40.46 52.54 59.57 64.61 67.68 72.70 74.67 74.60 73.43 68.30 50.22 26.15 9.08 -3.77 -9.53 -15.00 -19.95 -24.17 -27.42 -29.56 -30.72 -31.14 -31.04 -30.67 -30.26 -30.03 -30.22 -30.76 -31.42 -32.14 -32.88 -33.59 -34.21 -34.71 -35.04 -35.19 -35.24 -35.17 -35.02 -34.79 -34.48 -34.13 -33.73 -33.28 -32.79 -32.24 -31.63 -30.93 -30.16 -29.29 -28.33 -27.38 -26.50 -25.60 -24.58 -23.36 -21.82 -19.88 -17.44 -14.63 -11.58 -8.24
26.36 25.88 3.27 5.92 6.10 5.05 5.02 6.02 8.89 13.96 19.24 26.43 39.74 56.99 72.18 81.52 87.82 94.99 98.97 98.56 94.00 83.34 70.70 51.66 28.75 10.91 -3.82 -9.68 -15.22 -20.22 -24.48 -27.77 -29.93 -31.09 -31.47 -31.34 -30.91 -30.44 -30.16 -30.31 -30.83 -31.45 -32.14 -32.84 -33.52 -34.13 -34.62 -34.96 -35.14 -35.23 -35.22 -35.13 -34.97 -34.75 -34.48 -34.18 -33.84 -33.48 -33.07 -32.59 -32.04 -31.40 -30.66 -29.79 -28.88 -27.99 -27.05 -25.98 -24.74 -23.24 -21.43 -19.25 -16.87 -14.44 -11.84
1.67 2.76 4.16 5.09 7.20 6.34 6.23 7.13 7.90 11.43 18.31 26.55 41.58 59.39 75.62 89.13 99.91 107.08 110.43 104.60 93.81 79.54 62.38 43.32 21.88 6.99 -3.77 -9.58 -15.05 -19.98 -24.17 -27.44 -29.60 -30.75 -31.13 -30.99 -30.57 -30.10 -29.83 -29.99 -30.51 -31.14 -31.84 -32.56 -33.25 -33.88 -34.41 -34.79 -35.03 -35.17 -35.23 -35.22 -35.14 -35.01 -34.84 -34.64 -34.42 -34.19 -33.92 -33.60 -33.21 -32.71 -32.10 -31.35 -30.52 -29.67 -28.75 -27.71 -26.50 -25.08 -23.40 -21.42 -19.36 -17.37 -15.26
5.96 7.10 7.47 8.66 10.88 11.03 9.60 8.97 8.48 9.07 13.51 21.97 35.34 50.84 67.54 83.01 97.65 105.36 103.34 93.53 80.26 66.73 50.53 32.36 15.40 1.34 -3.99 -9.53 -14.70 -19.35 -23.32 -26.45 -28.54 -29.67 -30.07 -29.98 -29.61 -29.21 -29.00 -29.22 -29.80 -30.48 -31.24 -32.02 -32.78 -33.49 -34.09 -34.55 -34.87 -35.10 -35.24 -35.32 -35.34 -35.31 -35.25 -35.17 -35.09 -35.01 -34.91 -34.76 -34.53 -34.20 -33.73 -33.11 -32.38 -31.59 -30.71 -29.71 -28.55 -27.20 -25.64 -23.83 -21.99 -20.26 -18.45
13.17 16.11 19.07 21.46 24.69 23.83 19.87 15.40 12.94 12.55 15.13 20.36 30.05 43.20 57.27 72.37 86.12 91.19 86.89 76.52 64.15 51.98 35.46 21.05 8.76 0.67 -4.63 -9.67 -14.34 -18.52 -22.11 -24.99 -26.96 -28.05 -28.48 -28.46 -28.20 -27.91 -27.82 -28.12 -28.78 -29.55 -30.40 -31.28 -32.15 -32.96 -33.67 -34.24 -34.67 -35.00 -35.25 -35.44 -35.57 -35.67 -35.73 -35.79 -35.86 -35.96 -36.04 -36.08 -36.03 -35.87 -35.56 -35.07 -34.42 -33.68 -32.81 -31.82 -30.68 -29.37 -27.89 -26.22 -24.56 -23.02 -21.42
27.85 33.77 40.21 43.23 44.59 40.62 33.13 25.90 22.83 21.76 23.28 26.42 31.66 40.10 50.46 59.53 67.03 68.34 65.21 59.06 48.20 35.08 20.39 11.02 4.03 -0.64 -5.38 -9.80 -13.86 -17.48 -20.61 -23.18 -25.00 -26.05 -26.51 -26.59 -26.46 -26.33 -26.38 -26.80 -27.54 -28.42 -29.39 -30.39 -31.39 -32.33 -33.16 -33.86 -34.40 -34.86 -35.23 -35.53 -35.79 -36.01 -36.21 -36.41 -36.65 -36.93 -37.21 -37.45 -37.60 -37.62 -37.47 -37.10 -36.54 -35.83 -34.98 -33.98 -32.85 -31.57 -30.15 -28.60 -27.07 -25.66 -24.20
42.89 51.03 59.21 62.60 61.10 55.21 46.47 38.90 35.96 35.02 36.03 37.01 38.30 41.85 47.57 50.22 50.99 48.40 45.96 42.39 31.39 18.84 11.90 7.25 2.65 -1.83 -5.97 -9.76 -13.18 -16.23 -18.88 -21.14 -22.80 -23.81 -24.33 -24.53 -24.56 -24.59 -24.80 -25.34 -26.20 -27.19 -28.27 -29.40 -30.53 -31.60 -32.57 -33.38 -34.06 -34.63 -35.12 -35.55 -35.93 -36.29 -36.63 -36.98 -37.38 -37.85 -38.34 -38.78 -39.13 -39.33 -39.34 -39.11 -38.63 -37.97 -37.13 -36.14 -35.01 -33.76 -32.40 -30.95 -29.53 -28.19 -26.82
44.40 53.64 61.64 66.84 68.13 64.16 56.61 49.10 45.56 43.95 44.34 42.95 42.05 45.56 49.43 48.87 44.67 38.63 36.40 30.64 19.64 8.23 11.53 5.95 1.48 -2.54 -6.14 -9.35 -12.22 -14.75 -17.00 -18.98 -20.53 -21.52 -22.11 -22.43 -22.62 -22.83 -23.20 -23.87 -24.82 -25.92 -27.12 -28.36 -29.60 -30.79 -31.88 -32.82 -33.61 -34.30 -34.90 -35.45 -35.96 -36.44 -36.92 -37.42 -37.99 -38.64 -39.32 -39.97 -40.51 -40.90 -41.08 -40.98 -40.59 -39.99 -39.19 -38.22 -37.11 -35.90 -34.60 -33.25 -31.93 -30.64 -29.31
31.98 39.71 47.86 54.64 59.27 60.87 55.73 49.25 44.36 42.40 42.29 40.62 40.77 44.81 48.03 48.37 43.82 37.48 33.63 25.74 14.74 3.31 10.65 5.41 1.25 -2.40 -5.60 -8.40 -10.87 -13.06 -15.03 -16.84 -18.31 -19.32 -19.99 -20.45 -20.80 -21.18 -21.70 -22.48 -23.52 -24.71 -25.99 -27.32 -28.64 -29.92 -31.10 -32.14 -33.03 -33.82 -34.54 -35.19 -35.81 -36.42 -37.02 -37.66 -38.39 -39.22 -40.08 -40.92 -41.65 -42.22 -42.56 -42.60 -42.33 -41.81 -41.07 -40.16 -39.11 -37.96 -36.75 -35.50 -34.27 -33.01 -31.70
15.06 21.67 28.15 35.39 39.64 43.62 42.73 38.86 35.36 32.35 33.01 35.07 38.36 42.29 46.06 47.18 44.87 38.09 30.71 23.62 12.48 14.80 11.33 6.35 2.40 -1.06 -4.08 -6.73 -9.07 -11.16 -13.06 -14.83 -16.32 -17.40 -18.17 -18.75 -19.25 -19.76 -20.41 -21.28 -22.40 -23.63 -24.96 -26.33 -27.69 -29.01 -30.25 -31.35 -32.31 -33.19 -33.98 -34.73 -35.45 -36.15 -36.88 -37.63 -38.50 -39.49 -40.52 -41.53 -42.44 -43.18 -43.68 -43.86 -43.72 -43.32 -42.70 -41.89 -40.95 -39.91 -38.80 -37.67 -36.52 -35.31 -34.02
18.88 8.47 13.69 18.12 22.17 25.19 26.87 27.23 25.13 24.68 27.33 31.95 37.68 42.62 46.75 46.93 44.14 37.18 28.33 19.65 10.28 19.86 13.90 9.17 5.31 1.84 -1.28 -4.09 -6.62 -8.91 -11.00 -12.91 -14.52 -15.72 -16.63 -17.34 -17.96 -18.59 -19.33 -20.29 -21.44 -22.70 -24.02 -25.38 -26.73 -28.04 -29.28 -30.41 -31.42 -32.35 -33.22 -34.04 -34.84 -35.65 -36.47 -37.34 -38.33 -39.45 -40.63 -41.79 -42.86 -43.76 -44.42 -44.76 -44.79 -44.56 -44.12 -43.50 -42.73 -41.85 -40.89 -39.89 -38.83 -37.65 -36.37
17.57 2.24 5.39 8.48 11.50 16.34 20.12 23.93 21.89 22.81 27.70 35.61 42.64 46.74 48.85 47.94 44.03 36.05 26.07 16.12 9.05 23.45 18.14 13.68 9.85 6.21 2.77 -0.46 -3.45 -6.20 -8.69 -10.90 -12.72 -14.11 -15.19 -16.05 -16.80 -17.53 -18.36 -19.38 -20.57 -21.81 -23.10 -24.40 -25.70 -26.96 -28.17 -29.31 -30.36 -31.34 -32.26 -33.16 -34.04 -34.94 -35.86 -36.84 -37.94 -39.19 -40.50 -41.80 -43.02 -44.08 -44.91 -45.43 -45.65 -45.66 -45.47 -45.11 -44.58 -43.93 -43.16 -42.30 -41.30 -40.12 -38.79
14.61 1.99 3.99 6.00 10.00 16.00 22.98 27.96 26.93 28.93 33.94 39.96 44.99 48.00 50.01 48.01 43.02 36.02 27.00 17.00 9.00 28.32 23.58 19.41 15.56 11.64 7.72 3.89 0.23 -3.16 -6.20 -8.82 -10.92 -12.55 -13.83 -14.84 -15.72 -16.55 -17.45 -18.53 -19.74 -20.97 -22.19 -23.41 -24.61 -25.80 -26.96 -28.08 -29.15 -30.16 -31.14 -32.11 -33.07 -34.06 -35.08 -36.16 -37.37 -38.72 -40.16 -41.59 -42.95 -44.17 -45.17 -45.88 -46.33 -46.61 -46.72 -46.66 -46.43 -46.04 -45.48 -44.77 -43.82 -42.61 -41.19
11.46 4.18 6.17 8.21 11.10 16.07 24.10 32.28 36.52 37.45 39.20 43.02 44.89 46.85 47.78 45.78 40.78 32.75 24.78 15.89 8.96 32.36 29.81 25.95 21.98 17.69 13.20 8.64 4.21 0.05 -3.65 -6.74 -9.16 -11.06 -12.54 -13.72 -14.71 -15.64 -16.61 -17.74 -18.97 -20.15 -21.29 -22.40 -23.50 -24.58 -25.67 -26.76 -27.83 -28.87 -29.89 -30.91 -31.95 -33.01 -34.12 -35.30 -36.61 -38.07 -39.61 -41.17 -42.67 -44.04 -45.21 -46.10 -46.79 -47.36 -47.79 -48.06 -48.15 -48.04 -47.71 -47.13 -46.23 -44.97 -43.45
4.95 7.56 9.76 12.80 13.67 18.46 26.48 36.64 42.57 42.23 39.72 40.35 41.38 43.45 43.49 41.49 36.36 28.46 20.55 13.75 7.88 1.49 32.23 28.96 28.97 23.95 18.83 13.51 8.24 3.28 -1.12 -4.71 -7.47 -9.63 -11.32 -12.66 -13.78 -14.79 -15.82 -17.00 -18.23 -19.36 -20.40 -21.40 -22.37 -23.33 -24.33 -25.37 -26.44 -27.49 -28.54 -29.60 -30.69 -31.83 -33.01 -34.27 -35.67 -37.23 -38.88 -40.55 -42.18 -43.70 -45.03 -46.11 -47.03 -47.88 -48.63 -49.22 -49.62 -49.79 -49.67 -49.24 -48.37 -47.08 -45.46
8.25 11.68 16.14 19.28 20.63 23.49 31.21 40.42 43.63 39.90 34.31 33.15 35.57 39.10 40.43 38.37 32.63 25.86 19.09 13.48 9.05 6.17 2.39 1.31 28.47 29.98 24.26 18.18 12.11 6.36 1.28 -2.80 -5.88 -8.30 -10.19 -11.68 -12.90 -13.99 -15.08 -16.29 -17.52 -18.59 -19.53 -20.40 -21.24 -22.08 -22.98 -23.97 -25.01 -26.06 -27.12 -28.20 -29.33 -30.51 -31.76 -33.08 -34.56 -36.21 -37.96 -39.75 -41.50 -43.16 -44.65 -45.90 -47.03 -48.14 -49.16 -50.05 -50.73 -51.15 -51.23 -50.93 -50.11 -48.80 -47.11
7.53 12.74 19.49 24.11 27.56 30.63 35.53 38.58 37.20 30.64 23.63 22.87 27.22 34.45 38.85 37.53 34.15 28.39 22.64 19.33 18.05 15.26 10.53 6.13 1.07 36.53 29.08 22.36 15.57 9.13 3.45 -1.05 -4.41 -7.06 -9.13 -10.75 -12.07 -13.23 -14.36 -15.60 -16.82 -17.83 -18.68 -19.42 -20.13 -20.85 -21.65 -22.57 -23.58 -24.60 -25.65 -26.74 -27.88 -29.08 -30.37 -31.75 -33.30 -35.03 -36.88 -38.77 -40.65 -42.44 -44.07 -45.47 -46.77 -48.09 -49.34 -50.45 -51.35 -51.97 -52.22 -52.03 -51.28 -49.98 -48.28
4.94 9.27 17.09 23.42 27.22 29.54 29.74 27.90 23.51 17.03 12.47 12.86 18.62 29.59 38.95 41.49 40.23 36.16 32.23 30.43 31.08 29.92 23.23 13.68 6.73 26.42 34.44 26.93 18.43 11.41 5.24 0.40 -3.20 -6.04 -8.25 -9.98 -11.38 -12.59 -13.75 -15.01 -16.21 -17.15 -17.90 -18.53 -19.11 -19.72 -20.41 -21.25 -22.21 -23.18 -24.17 -25.22 -26.34 -27.53 -28.82 -30.23 -31.83 -33.64 -35.59 -37.60 -39.60 -41.52 -43.27 -44.80 -46.23 -47.68 -49.07 -50.33 -51.38 -52.13 -52.50 -52.42 -51.75 -50.52 -48.86
5.59 7.82 9.45 14.38 16.38 16.67 14.87 13.15 10.02 6.48 5.62 7.09 14.63 27.22 39.41 45.94 47.17 47.51 46.58 44.12 43.85 43.58 38.31 27.86 16.55 6.82 22.79 17.47 21.73 13.73 6.42 1.21 -2.61 -5.61 -7.94 -9.74 -11.18 -12.40 -13.55 -14.79 -15.95 -16.81 -17.45 -17.95 -18.39 -18.85 -19.41 -21.60 -20.99 -21.83 -22.71 -23.64 -24.64 -25.75 -26.99 -28.39 -30.02 -31.90 -33.96 -36.09 -38.23 -40.28 -42.17 -43.80 -45.32 -46.85 -48.33 -49.67 -50.79 -51.63 -52.09 -52.10 -51.53 -50.40 -48.86
9.65 11.00 10.99 4.50 5.39 6.39 5.38 5.56 4.10 2.83 3.57 6.12 14.81 27.94 40.69 49.91 55.63 60.46 60.86 57.54 54.74 53.19 51.11 43.98 32.36 21.09 10.96 6.65 12.54 7.98 7.21 1.50 -2.55 -5.71 -8.13 -9.97 -11.41 -12.60 -13.71 -14.91 -16.01 -16.77 -17.28 -17.63 -19.23 -19.59 -20.27 -5.34 -21.60 -20.54 -21.22 -21.96 -22.79 -23.76 -24.89 -26.23 -27.87 -29.82 -31.98 -34.25 -36.54 -38.74 -40.75 -42.49 -44.07 -45.66 -47.17 -48.54 -49.70 -50.58 -51.10 -51.20 -50.74 -49.75 -48.37
13.98 15.00 6.01 1.55 2.63 5.37 4.96 5.98 6.27 5.24 5.62 9.32 17.63 30.26 40.31 51.13 61.92 69.15 72.62 71.90 69.38 66.82 63.76 57.30 47.00 33.37 20.79 13.41 8.71 6.53 6.32 1.63 -2.64 -5.94 -8.43 -10.31 -11.73 -12.89 -13.95 -15.09 -16.12 -16.77 -17.15 -18.87 -4.79 -4.27 -1.87 8.65 -2.32 -20.91 -19.67 -20.19 -20.83 -21.62 -22.63 -23.90 -25.54 -27.55 -29.82 -32.22 -34.65 -36.99 -39.12 -40.94 -42.57 -44.17 -45.69 -47.06 -48.22 -49.11 -49.67 -49.84 -49.50 -48.68 -47.48
5.04 6.01 2.42 3.51 3.68 6.93 7.64 9.40 11.07 10.68 10.50 14.53 23.47 32.57 40.94 51.22 64.09 74.20 81.36 86.26 85.73 81.19 74.86 67.08 56.89 44.95 31.82 23.15 17.78 12.63 7.40 1.94 -2.51 -5.93 -8.50 -10.41 -11.83 -12.97 -13.99 -15.08 -16.04 -16.59 -16.84 -1.18 3.95 5.67 11.30 13.33 12.09 -0.08 -18.02 -18.34 -18.80 -19.43 -20.32 -21.53 -23.17 -25.23 -27.59 -30.11 -32.67 -35.13 -37.37 -39.25 -40.90 -42.49 -43.98 -45.31 -46.44 -47.32 -47.90 -48.14 -47.93 -47.28 -46.29
1.60 2.60 2.82 3.97 4.86 5.40 7.39 9.34 13.04 14.74 16.35 20.35 26.98 33.43 39.02 49.00 61.95 75.39 85.97 92.05 92.99 87.83 80.71 72.43 64.69 55.29 43.20 32.57 24.98 17.45 8.94 2.79 -1.80 -5.32 -7.98 -9.94 -11.40 -12.54 -13.56 -14.62 -15.53 -15.99 -16.12 4.36 5.58 8.44 14.61 18.59 15.75 7.26 -16.22 -16.41 -16.74 -17.27 -18.08 -19.24 -20.88 -22.99 -25.43 -28.04 -30.70 -33.25 -35.57 -37.49 -39.14 -40.70 -42.13 -43.40 -44.48 -45.33 -45.92 -46.22 -46.14 -45.68 -44.92
4.50 5.35 5.30 4.57 4.86 4.02 4.25 7.26 11.37 13.34 16.41 20.46 24.66 27.91 31.10 41.15 55.02 70.82 81.84 87.89 87.93 84.66 78.43 73.94 70.47 63.36 50.51 38.58 28.78 18.08 8.14 4.50 -0.15 -3.75 -6.50 -8.56 -10.11 -11.33 -12.39 -13.47 -14.35 -14.74 -14.79 4.05 7.89 10.90 15.22 17.54 14.48 7.92 -14.24 -14.40 -14.70 -15.21 -16.01 -17.17 -18.83 -20.98 -23.46 -26.14 -28.85 -31.46 -33.80 -35.75 -37.38 -38.88 -40.24 -41.43 -42.44 -43.25 -43.84 -44.20 -44.24 -43.97 -43.44
9.68 13.57 14.57 11.66 7.85 4.93 3.95 5.01 7.11 10.16 10.25 13.29 16.32 19.32 21.32 30.35 45.36 62.38 73.38 78.39 79.34 78.24 75.12 73.98 73.90 65.93 51.96 40.00 29.07 17.11 7.09 7.42 2.81 -0.85 -3.72 -5.93 -7.65 -9.03 -10.22 -11.37 -12.25 -12.62 -12.61 3.05 7.09 10.11 11.52 10.58 8.52 -11.29 -12.04 -12.30 -12.72 -13.33 -14.23 -15.45 -17.15 -19.33 -21.83 -24.52 -27.23 -29.83 -32.17 -34.10 -35.69 -37.13 -38.40 -39.51 -40.44 -41.21 -41.79 -42.20 -42.36 -42.27 -41.97
19.31 24.28 24.23 19.16 11.11 7.11 6.15 7.12 7.03 5.94 5.90 7.87 10.89 13.92 16.96 25.94 38.87 53.77 64.72 70.77 72.85 73.94 73.00 75.03 75.02 67.00 53.00 38.93 25.85 12.87 3.94 11.90 7.42 3.74 0.72 -1.73 -3.73 -5.38 -6.79 -8.07 -8.99 -9.35 -9.29 1.86 3.80 5.75 -8.31 -8.44 -8.79 -8.89 -9.36 -9.93 -10.65 -11.55 -12.67 -14.05 -15.83 -18.03 -20.52 -23.16 -25.81 -28.34 -30.61 -32.47 -34.00 -35.33 -36.49 -37.48 -38.31 -39.01 -39.57 -40.02 -40.31 -40.41 -40.36
30.12 31.50 29.21 22.32 15.64 13.04 14.20 12.97 9.49 6.13 3.97 4.87 8.77 13.95 18.14 26.02 36.72 47.24 55.18 63.39 69.99 74.40 75.58 76.34 74.95 65.75 51.74 35.55 19.41 8.65 3.02 16.36 13.68 9.85 6.65 3.88 1.51 -0.52 -2.24 -3.70 -4.67 -5.01 -4.90 -5.01 -4.60 -4.27 -3.49 -3.78 -4.42 -5.21 -6.13 -7.19 -8.39 -9.73 -11.21 -12.83 -14.72 -16.95 -19.40 -21.95 -24.48 -26.87 -29.01 -30.78 -32.19 -33.37 -34.36 -35.18 -35.87 -36.46 -36.98 -37.46 -37.88 -38.22 -38.46
41.38 35.08 29.44 26.05 23.87 26.60 28.81 25.38 16.48 8.52 5.35 5.02 6.76 12.40 18.56 25.54 33.04 39.94 49.12 59.78 72.88 81.59 83.39 80.37 73.48 62.43 48.62 32.06 16.28 7.29 4.26 2.99 17.22 17.02 13.61 10.48 7.66 5.20 3.11 1.43 0.38 0.04 0.20 0.74 1.27 1.56 1.62 1.13 0.15 -1.11 -2.59 -4.26 -6.06 -7.95 -9.87 -11.78 -13.81 -16.06 -18.44 -20.86 -23.23 -25.44 -27.41 -29.04 -30.31 -31.32 -32.10 -32.73 -33.24 -33.70 -34.16 -34.67 -35.23 -35.81 -36.36
52.27 40.50 32.46 31.91 33.45 39.01 42.05 37.05 24.66 11.96 7.17 4.77 5.50 8.13 13.70 20.05 26.16 34.23 44.79 59.84 77.28 88.33 87.75 78.52 68.07 58.90 48.53 36.80 23.98 13.37 7.19 3.48 0.92 24.76 21.14 17.63 14.35 11.40 8.91 6.99 5.85 5.49 5.93 4.67 5.08 7.31 7.27 6.47 4.87 3.09 0.98 -1.35 -3.80 -6.27 -8.66 -10.88 -13.05 -15.31 -17.61 -19.88 -22.04 -24.05 -25.82 -27.30 -28.42 -29.23 -29.81 -30.22 -30.55 -30.87 -31.26 -31.80 -32.50 -33.31 -34.18
46.88 35.93 29.52 29.63 31.43 36.30 39.74 36.74 25.86 13.82 6.68 3.77 3.24 4.07 7.61 11.07 18.48 26.56 38.47 54.97 71.22 80.66 78.03 67.77 59.45 55.46 52.10 46.27 38.64 27.25 15.60 7.38 3.55 32.61 28.80 24.92 21.17 17.74 14.84 12.66 11.40 11.56 7.89 3.03 2.99 8.70 8.21 8.32 9.68 7.05 4.33 1.36 -1.72 -4.76 -7.61 -10.12 -12.41 -14.68 -16.87 -18.97 -20.92 -22.70 -24.27 -25.59 -26.56 -27.19 -27.56 -27.78 -27.93 -28.12 -28.45 -29.00 -29.83 -30.86 -32.01
