Ex01_Data/HKtopo.asc
ncols 876
nrows 635
xllcorner 113.94415283203125
yllcorner 22.189988859134044
cellsize 5.4931640625E-4
nodata_value -2147483648
[rows 102 to 135 of 635, columns 0 to 74 of 876]
-3.58 -3.74 -3.84 -3.86 -3.80 -3.67 -3.49 -3.28 -3.04 -2.81 -2.58 -2.39 -2.20 -2.01 -1.81 -1.62 -1.44 -1.28 -1.14 -1.03 -0.95 -0.90 -0.88 -0.87 -0.88 -0.90 -0.92 -0.95 -1.00 -1.06 -1.13 -1.21 -1.30 -1.38 -1.45 -1.51 -1.55 -1.60 -1.65 -1.69 -1.72 -1.74 -1.74 -1.72 -1.68 -1.60 -1.51 -1.40 -1.29 -1.19 -1.11 -1.06 -1.04 -1.05 -1.08 -1.12 -1.15 -1.17 -1.16 -1.10 -1.02 -0.93 -0.82 -0.68 -0.52 -0.33 -0.09 0.18 0.50 0.88 1.30 1.75 2.21 2.69 3.16
-3.74 -3.87 -3.96 -3.96 -3.88 -3.74 -3.54 -3.31 -3.06 -2.81 -2.57 -2.37 -2.18 -1.98 -1.78 -1.58 -1.40 -1.24 -1.10 -1.00 -0.92 -0.88 -0.86 -0.86 -0.88 -0.90 -0.94 -0.98 -1.03 -1.10 -1.18 -1.28 -1.37 -1.46 -1.55 -1.61 -1.67 -1.72 -1.78 -1.82 -1.86 -1.88 -1.88 -1.86 -1.81 -1.73 -1.63 -1.51 -1.40 -1.29 -1.20 -1.14 -1.11 -1.12 -1.15 -1.19 -1.22 -1.23 -1.21 -1.14 -1.03 -0.89 -0.73 -0.55 -0.34 -0.10 0.16 0.46 0.79 1.16 1.57 2.00 2.44 2.88 3.32
-3.87 -3.99 -4.05 -4.04 -3.95 -3.79 -3.58 -3.33 -3.07 -2.81 -2.56 -2.35 -2.15 -1.95 -1.75 -1.56 -1.38 -1.22 -1.09 -0.98 -0.92 -0.88 -0.86 -0.87 -0.89 -0.93 -0.97 -1.02 -1.07 -1.15 -1.25 -1.35 -1.45 -1.55 -1.64 -1.71 -1.77 -1.83 -1.89 -1.94 -1.98 -2.00 -2.00 -1.98 -1.93 -1.85 -1.75 -1.63 -1.50 -1.39 -1.29 -1.23 -1.20 -1.20 -1.23 -1.27 -1.29 -1.29 -1.26 -1.17 -1.03 -0.85 -0.65 -0.41 -0.15 0.12 0.42 0.73 1.06 1.43 1.82 2.23 2.65 3.07 3.48
-3.96 -4.05 -4.10 -4.07 -3.97 -3.80 -3.59 -3.34 -3.07 -2.80 -2.55 -2.34 -2.14 -1.94 -1.75 -1.56 -1.38 -1.23 -1.10 -1.00 -0.94 -0.91 -0.90 -0.91 -0.94 -0.98 -1.02 -1.07 -1.14 -1.22 -1.32 -1.42 -1.53 -1.63 -1.72 -1.80 -1.86 -1.92 -1.98 -2.03 -2.07 -2.10 -2.10 -2.08 -2.03 -1.95 -1.84 -1.72 -1.60 -1.49 -1.39 -1.31 -1.28 -1.28 -1.31 -1.33 -1.35 -1.34 -1.29 -1.18 -1.02 -0.81 -0.56 -0.28 0.02 0.33 0.65 0.98 1.31 1.67 2.05 2.44 2.83 3.22 3.60
-3.98 -4.06 -4.09 -4.06 -3.95 -3.78 -3.56 -3.32 -3.05 -2.79 -2.55 -2.34 -2.15 -1.95 -1.77 -1.58 -1.42 -1.27 -1.15 -1.06 -1.00 -0.97 -0.97 -0.98 -1.01 -1.06 -1.11 -1.16 -1.22 -1.30 -1.40 -1.50 -1.60 -1.70 -1.79 -1.87 -1.93 -1.99 -2.05 -2.10 -2.14 -2.16 -2.17 -2.15 -2.10 -2.02 -1.92 -1.80 -1.68 -1.57 -1.47 -1.39 -1.36 -1.35 -1.37 -1.39 -1.40 -1.38 -1.31 -1.18 -0.99 -0.75 -0.47 -0.16 0.17 0.51 0.85 1.19 1.52 1.87 2.23 2.60 2.97 3.33 3.69
-3.92 -3.98 -4.01 -3.97 -3.87 -3.71 -3.50 -3.27 -3.02 -2.77 -2.54 -2.35 -2.17 -1.99 -1.81 -1.65 -1.50 -1.36 -1.25 -1.17 -1.11 -1.09 -1.09 -1.10 -1.13 -1.18 -1.22 -1.27 -1.33 -1.40 -1.49 -1.58 -1.68 -1.77 -1.85 -1.91 -1.97 -2.03 -2.08 -2.13 -2.17 -2.19 -2.19 -2.18 -2.14 -2.06 -1.97 -1.87 -1.76 -1.65 -1.56 -1.49 -1.45 -1.44 -1.44 -1.45 -1.45 -1.41 -1.33 -1.19 -0.97 -0.71 -0.40 -0.06 0.31 0.67 1.03 1.37 1.71 2.04 2.38 2.72 3.06 3.40 3.74
-3.79 -3.85 -3.86 -3.83 -3.74 -3.59 -3.40 -3.19 -2.97 -2.74 -2.54 -2.36 -2.20 -2.05 -1.89 -1.74 -1.61 -1.49 -1.39 -1.32 -1.27 -1.25 -1.25 -1.27 -1.29 -1.33 -1.37 -1.41 -1.46 -1.52 -1.59 -1.67 -1.75 -1.83 -1.89 -1.95 -2.00 -2.05 -2.09 -2.13 -2.16 -2.18 -2.19 -2.18 -2.14 -2.09 -2.01 -1.93 -1.84 -1.76 -1.67 -1.60 -1.56 -1.55 -1.54 -1.54 -1.51 -1.46 -1.36 -1.20 -0.96 -0.67 -0.33 0.05 0.43 0.82 1.20 1.55 1.88 2.20 2.51 2.83 3.14 3.45 3.76
-3.62 -3.67 -3.68 -3.65 -3.57 -3.44 -3.28 -3.09 -2.90 -2.71 -2.54 -2.39 -2.25 -2.12 -1.99 -1.86 -1.75 -1.65 -1.57 -1.50 -1.47 -1.45 -1.45 -1.46 -1.48 -1.51 -1.54 -1.57 -1.61 -1.65 -1.71 -1.76 -1.82 -1.88 -1.93 -1.97 -2.01 -2.05 -2.08 -2.12 -2.14 -2.16 -2.16 -2.16 -2.13 -2.10 -2.05 -1.99 -1.93 -1.86 -1.79 -1.73 -1.69 -1.66 -1.65 -1.62 -1.58 -1.50 -1.38 -1.20 -0.95 -0.63 -0.26 0.14 0.56 0.97 1.36 1.71 2.03 2.33 2.62 2.91 3.19 3.47 3.75
-3.43 -3.47 -3.48 -3.45 -3.38 -3.27 -3.14 -2.99 -2.83 -2.68 -2.54 -2.41 -2.30 -2.19 -2.09 -1.99 -1.90 -1.82 -1.76 -1.70 -1.67 -1.66 -1.66 -1.66 -1.68 -1.70 -1.72 -1.74 -1.77 -1.79 -1.83 -1.86 -1.90 -1.93 -1.96 -1.99 -2.02 -2.04 -2.07 -2.09 -2.11 -2.12 -2.13 -2.12 -2.11 -2.09 -2.07 -2.04 -2.00 -1.96 -1.91 -1.85 -1.81 -1.77 -1.74 -1.70 -1.63 -1.53 -1.39 -1.19 -0.92 -0.58 -0.18 0.24 0.68 1.10 1.50 1.86 2.17 2.45 2.72 2.97 3.22 3.47 3.73
-3.23 -3.26 -3.27 -3.25 -3.19 -3.10 -3.00 -2.88 -2.76 -2.64 -2.53 -2.44 -2.35 -2.27 -2.19 -2.12 -2.05 -1.99 -1.94 -1.90 -1.88 -1.87 -1.87 -1.87 -1.88 -1.90 -1.91 -1.92 -1.93 -1.94 -1.95 -1.96 -1.97 -1.98 -2.00 -2.01 -2.02 -2.03 -2.05 -2.06 -2.07 -2.08 -2.08 -2.08 -2.08 -2.08 -2.08 -2.07 -2.06 -2.04 -2.00 -1.95 -1.90 -1.86 -1.81 -1.74 -1.66 -1.54 -1.37 -1.15 -0.87 -0.51 -0.10 0.34 0.79 1.23 1.63 1.99 2.29 2.55 2.79 3.01 3.23 3.46 3.71
-3.05 -3.07 -3.08 -3.06 -3.01 -2.95 -2.87 -2.78 -2.69 -2.61 -2.53 -2.46 -2.40 -2.34 -2.29 -2.24 -2.19 -2.15 -2.12 -2.09 -2.07 -2.07 -2.07 -2.07 -2.08 -2.09 -2.09 -2.09 -2.08 -2.08 -2.07 -2.06 -2.05 -2.04 -2.03 -2.03 -2.02 -2.03 -2.03 -2.03 -2.04 -2.04 -2.05 -2.05 -2.05 -2.07 -2.08 -2.09 -2.10 -2.09 -2.07 -2.02 -1.96 -1.90 -1.83 -1.75 -1.64 -1.49 -1.31 -1.08 -0.78 -0.41 0.01 0.45 0.90 1.34 1.75 2.10 2.38 2.63 2.84 3.04 3.23 3.44 3.68
-2.91 -2.92 -2.92 -2.90 -2.86 -2.82 -2.76 -2.70 -2.64 -2.57 -2.52 -2.47 -2.43 -2.40 -2.36 -2.33 -2.31 -2.28 -2.26 -2.25 -2.24 -2.24 -2.24 -2.24 -2.25 -2.25 -2.25 -2.25 -2.23 -2.21 -2.18 -2.15 -2.12 -2.09 -2.07 -2.05 -2.04 -2.03 -2.03 -2.02 -2.02 -2.02 -2.02 -2.02 -2.03 -2.05 -2.07 -2.09 -2.11 -2.10 -2.08 -2.03 -1.96 -1.89 -1.80 -1.69 -1.56 -1.39 -1.20 -0.95 -0.65 -0.28 0.13 0.57 1.02 1.45 1.84 2.18 2.46 2.68 2.87 3.04 3.22 3.42 3.65
-2.81 -2.81 -2.80 -2.78 -2.75 -2.72 -2.67 -2.63 -2.59 -2.55 -2.51 -2.48 -2.46 -2.44 -2.42 -2.41 -2.40 -2.39 -2.38 -2.38 -2.38 -2.38 -2.39 -2.40 -2.40 -2.41 -2.40 -2.39 -2.36 -2.33 -2.29 -2.24 -2.19 -2.15 -2.11 -2.08 -2.06 -2.05 -2.04 -2.03 -2.03 -2.03 -2.02 -2.02 -2.02 -2.04 -2.06 -2.08 -2.09 -2.08 -2.05 -1.99 -1.91 -1.81 -1.70 -1.57 -1.42 -1.23 -1.02 -0.78 -0.47 -0.11 0.29 0.71 1.14 1.55 1.93 2.25 2.51 2.71 2.88 3.03 3.19 3.38 3.62
-2.73 -2.72 -2.71 -2.69 -2.66 -2.63 -2.60 -2.57 -2.54 -2.52 -2.50 -2.48 -2.47 -2.47 -2.47 -2.48 -2.48 -2.49 -2.50 -2.50 -2.51 -2.52 -2.53 -2.54 -2.55 -2.55 -2.55 -2.53 -2.50 -2.45 -2.39 -2.33 -2.27 -2.21 -2.16 -2.12 -2.09 -2.08 -2.07 -2.06 -2.05 -2.05 -2.05 -2.04 -2.03 -2.04 -2.05 -2.05 -2.05 -2.03 -1.99 -1.91 -1.81 -1.70 -1.56 -1.41 -1.23 -1.03 -0.80 -0.55 -0.26 0.09 0.47 0.87 1.27 1.66 2.01 2.32 2.56 2.73 2.80 2.94 3.14 3.33 3.58
-2.68 -2.65 -2.63 -2.61 -2.58 -2.56 -2.54 -2.52 -2.50 -2.49 -2.49 -2.48 -2.49 -2.50 -2.52 -2.54 -2.57 -2.59 -2.61 -2.62 -2.64 -2.65 -2.67 -2.69 -2.70 -2.70 -2.69 -2.67 -2.63 -2.57 -2.50 -2.42 -2.34 -2.27 -2.20 -2.16 -2.13 -2.11 -2.10 -2.09 -2.09 -2.09 -2.08 -2.06 -2.04 -2.04 -2.03 -2.02 -2.00 -1.96 -1.90 -1.81 -1.68 -1.54 -1.38 -1.20 -1.00 -0.78 -0.55 -0.29 -0.01 0.32 0.67 1.04 1.41 1.76 2.09 2.38 2.60 2.74 3.98 3.98 3.01 3.23 3.48
-2.63 -2.60 -2.57 -2.54 -2.51 -2.50 -2.48 -2.47 -2.47 -2.47 -2.47 -2.48 -2.50 -2.53 -2.56 -2.60 -2.64 -2.67 -2.70 -2.73 -2.75 -2.77 -2.80 -2.82 -2.83 -2.84 -2.83 -2.80 -2.76 -2.69 -2.60 -2.51 -2.42 -2.33 -2.25 -2.20 -2.16 -2.14 -2.13 -2.13 -2.13 -2.12 -2.11 -2.08 -2.05 -2.03 -2.00 -1.97 -1.93 -1.86 -1.78 -1.66 -1.52 -1.35 -1.16 -0.96 -0.73 -0.50 -0.25 0.00 0.27 0.57 0.89 1.22 1.54 1.86 2.15 2.41 2.61 2.72 2.80 3.00 3.00 4.00 5.00
-2.59 -2.54 -2.51 -2.48 -2.45 -2.44 -2.43 -2.43 -2.43 -2.44 -2.46 -2.48 -2.50 -2.54 -2.59 -2.64 -2.69 -2.74 -2.78 -2.81 -2.84 -2.88 -2.91 -2.94 -2.96 -2.96 -2.96 -2.93 -2.88 -2.80 -2.70 -2.60 -2.49 -2.39 -2.30 -2.24 -2.19 -2.17 -2.16 -2.16 -2.16 -2.15 -2.13 -2.10 -2.05 -2.01 -1.96 -1.90 -1.82 -1.73 -1.62 -1.48 -1.32 -1.12 -0.90 -0.67 -0.42 -0.17 0.08 0.33 0.58 0.85 1.12 1.39 1.66 1.92 2.18 2.41 2.58 2.67 2.73 2.06 3.15 4.04 4.01
-2.55 -2.50 -2.45 -2.42 -2.39 -2.38 -2.38 -2.38 -2.39 -2.41 -2.43 -2.46 -2.50 -2.54 -2.60 -2.66 -2.72 -2.78 -2.83 -2.87 -2.91 -2.96 -3.00 -3.03 -3.06 -3.08 -3.07 -3.05 -2.99 -2.91 -2.80 -2.68 -2.56 -2.45 -2.35 -2.28 -2.23 -2.20 -2.19 -2.19 -2.18 -2.17 -2.14 -2.09 -2.03 -1.96 -1.88 -1.79 -1.69 -1.57 -1.43 -1.27 -1.08 -0.85 -0.61 -0.34 -0.07 0.19 0.45 0.69 0.91 1.13 1.34 1.55 1.76 1.96 2.16 2.37 2.52 2.80 2.55 4.24 6.30 5.40 5.39
-2.51 -2.45 -2.39 -2.36 -2.33 -2.32 -2.32 -2.33 -2.35 -2.38 -2.41 -2.44 -2.48 -2.53 -2.59 -2.66 -2.72 -2.79 -2.85 -2.90 -2.95 -3.00 -3.06 -3.11 -3.15 -3.17 -3.18 -3.16 -3.10 -3.01 -2.90 -2.77 -2.64 -2.51 -2.40 -2.31 -2.26 -2.23 -2.21 -2.20 -2.18 -2.16 -2.12 -2.06 -1.97 -1.88 -1.77 -1.65 -1.52 -1.37 -1.20 -1.02 -0.80 -0.55 -0.27 0.02 0.31 0.60 0.85 1.08 1.27 1.43 1.57 1.69 1.82 1.95 2.10 2.27 2.34 3.50 2.15 4.87 6.87 8.45 8.65
-2.45 -2.39 -2.33 -2.29 -2.27 -2.26 -2.27 -2.28 -2.30 -2.33 -2.37 -2.40 -2.45 -2.50 -2.56 -2.62 -2.69 -2.76 -2.82 -2.88 -2.94 -3.01 -3.08 -3.15 -3.21 -3.25 -3.26 -3.25 -3.19 -3.10 -2.98 -2.85 -2.71 -2.57 -2.45 -2.36 -2.29 -2.25 -2.22 -2.19 -2.17 -2.13 -2.07 -1.99 -1.88 -1.76 -1.62 -1.47 -1.31 -1.13 -0.94 -0.73 -0.48 -0.20 0.11 0.43 0.74 1.03 1.29 1.50 1.64 1.72 1.77 1.80 1.83 1.87 1.95 2.08 1.97 0.74 3.07 3.85 5.89 8.49 9.57
-2.39 -2.32 -2.26 -2.22 -2.20 -2.20 -2.20 -2.22 -2.25 -2.28 -2.32 -2.35 -2.39 -2.44 -2.49 -2.55 -2.61 -2.67 -2.73 -2.79 -2.87 -2.95 -3.05 -3.14 -3.23 -3.29 -3.33 -3.33 -3.28 -3.19 -3.07 -2.93 -2.78 -2.64 -2.51 -2.41 -2.33 -2.28 -2.23 -2.20 -2.15 -2.10 -2.02 -1.91 -1.78 -1.63 -1.46 -1.28 -1.08 -0.87 -0.64 -0.41 -0.14 0.18 0.53 0.88 1.22 1.53 1.78 1.95 2.03 2.01 1.94 1.83 1.72 1.65 1.64 1.62 1.95 1.29 2.85 4.73 6.29 6.71 7.81
-2.32 -2.25 -2.19 -2.15 -2.13 -2.13 -2.14 -2.16 -2.19 -2.22 -2.25 -2.29 -2.32 -2.35 -2.39 -2.43 -2.48 -2.53 -2.59 -2.65 -2.74 -2.85 -2.97 -3.10 -3.22 -3.31 -3.37 -3.39 -3.35 -3.27 -3.15 -3.01 -2.86 -2.72 -2.58 -2.47 -2.38 -2.32 -2.26 -2.20 -2.14 -2.07 -1.97 -1.84 -1.67 -1.49 -1.29 -1.07 -0.84 -0.59 -0.33 -0.07 0.24 0.60 0.99 1.38 1.75 2.07 2.31 2.45 2.45 2.30 2.07 1.80 1.52 1.30 1.18 2.18 2.37 2.98 4.47 6.49 7.86 8.29 8.37
-2.25 -2.18 -2.13 -2.09 -2.07 -2.06 -2.07 -2.09 -2.12 -2.15 -2.19 -2.21 -2.23 -2.25 -2.27 -2.29 -2.32 -2.36 -2.41 -2.48 -2.58 -2.71 -2.87 -3.03 -3.19 -3.32 -3.41 -3.44 -3.42 -3.34 -3.23 -3.10 -2.95 -2.79 -2.65 -2.53 -2.43 -2.35 -2.28 -2.21 -2.12 -2.02 -1.90 -1.74 -1.55 -1.33 -1.09 -0.83 -0.56 -0.28 0.02 0.31 0.65 1.05 1.49 1.92 2.32 2.65 2.88 2.98 2.88 2.60 2.20 1.74 1.29 0.91 0.53 3.01 4.24 4.84 6.23 8.24 10.74 11.86 10.17
-2.18 -2.12 -2.06 -2.02 -2.00 -2.00 -2.01 -2.03 -2.06 -2.09 -2.12 -2.14 -2.15 -2.15 -2.15 -2.15 -2.16 -2.18 -2.22 -2.29 -2.41 -2.57 -2.76 -2.96 -3.15 -3.31 -3.43 -3.49 -3.48 -3.41 -3.31 -3.17 -3.02 -2.87 -2.72 -2.59 -2.48 -2.38 -2.29 -2.19 -2.08 -1.95 -1.80 -1.61 -1.39 -1.13 -0.85 -0.55 -0.24 0.08 0.41 0.73 1.10 1.55 2.02 2.49 2.92 3.26 3.48 3.53 3.35 2.92 2.35 1.70 1.07 0.54 1.44 3.77 5.23 3.66 5.31 9.00 13.57 13.96 11.92
-2.12 -2.06 -2.01 -1.97 -1.95 -1.94 -1.96 -1.98 -2.00 -2.03 -2.05 -2.06 -2.06 -2.05 -2.03 -2.01 -2.00 -2.02 -2.05 -2.12 -2.25 -2.44 -2.66 -2.89 -3.11 -3.31 -3.46 -3.53 -3.53 -3.48 -3.38 -3.24 -3.09 -2.93 -2.77 -2.63 -2.50 -2.38 -2.26 -2.13 -1.99 -1.83 -1.64 -1.42 -1.16 -0.87 -0.55 -0.21 0.14 0.50 0.86 1.21 1.61 2.09 2.60 3.10 3.54 3.89 4.09 4.10 3.83 3.28 2.55 1.74 0.94 0.26 2.82 3.24 3.50 2.95 4.97 9.93 13.55 12.81 10.74
-2.07 -2.01 -1.96 -1.93 -1.90 -1.90 -1.91 -1.93 -1.95 -1.97 -1.99 -2.00 -1.99 -1.97 -1.93 -1.90 -1.88 -1.88 -1.92 -1.99 -2.13 -2.33 -2.58 -2.84 -3.10 -3.32 -3.49 -3.58 -3.59 -3.53 -3.44 -3.30 -3.15 -2.98 -2.81 -2.65 -2.50 -2.35 -2.19 -2.03 -1.85 -1.65 -1.42 -1.17 -0.87 -0.54 -0.18 0.20 0.59 0.99 1.38 1.75 2.17 2.68 3.21 3.73 4.18 4.52 4.70 4.68 4.33 3.68 2.82 1.87 0.94 -0.02 3.07 3.05 2.11 3.00 5.06 8.46 9.76 7.76 6.62
-2.05 -1.98 -1.93 -1.90 -1.87 -1.87 -1.88 -1.89 -1.91 -1.94 -1.95 -1.96 -1.95 -1.91 -1.87 -1.83 -1.81 -1.80 -1.84 -1.91 -2.06 -2.28 -2.55 -2.83 -3.11 -3.35 -3.53 -3.63 -3.64 -3.59 -3.49 -3.35 -3.18 -3.00 -2.81 -2.63 -2.45 -2.27 -2.07 -1.86 -1.63 -1.39 -1.12 -0.82 -0.48 -0.11 0.29 0.71 1.13 1.56 1.97 2.37 2.80 3.31 3.85 4.37 4.82 5.18 5.43 5.25 4.86 4.14 3.20 2.11 1.09 2.86 2.06 2.06 1.96 3.00 4.06 5.22 5.27 5.14 4.11
-2.04 -1.97 -1.92 -1.88 -1.86 -1.85 -1.86 -1.87 -1.89 -1.91 -1.92 -1.93 -1.92 -1.89 -1.85 -1.82 -1.80 -1.80 -1.84 -1.92 -2.07 -2.30 -2.58 -2.87 -3.16 -3.41 -3.59 -3.69 -3.70 -3.65 -3.54 -3.40 -3.22 -3.02 -2.81 -2.60 -2.39 -2.16 -1.91 -1.64 -1.36 -1.06 -0.74 -0.39 -0.02 0.39 0.83 1.29 1.74 2.20 2.63 3.04 3.48 4.00 4.54 5.05 5.51 5.02 3.02 5.87 5.45 4.68 3.71 3.99 2.99 2.01 2.00 1.99 2.99 3.00 4.01 4.01 4.01 4.01 4.01
-2.04 -1.98 -1.92 -1.88 -1.85 -1.84 -1.85 -1.86 -1.87 -1.89 -1.91 -1.92 -1.91 -1.89 -1.87 -1.85 -1.84 -1.85 -1.90 -1.99 -2.15 -2.38 -2.66 -2.96 -3.25 -3.50 -3.68 -3.77 -3.78 -3.72 -3.61 -3.46 -3.27 -3.05 -2.82 -2.58 -2.33 -2.04 -1.73 -1.40 -1.05 -0.69 -0.31 0.09 0.50 0.95 1.43 1.91 2.40 2.87 3.33 3.75 4.25 4.73 5.28 5.79 3.96 2.94 3.00 6.38 5.92 5.25 2.98 2.93 1.97 2.04 2.04 3.03 3.00 3.00 2.97 3.96 3.96 3.96 2.97
-2.06 -1.99 -1.93 -1.89 -1.86 -1.84 -1.84 -1.85 -1.86 -1.88 -1.90 -1.91 -1.92 -1.91 -1.90 -1.90 -1.91 -1.94 -2.00 -2.10 -2.27 -2.50 -2.78 -3.07 -3.36 -3.60 -3.77 -3.86 -3.85 -3.79 -3.68 -3.51 -3.31 -3.08 -2.83 -2.55 -2.25 -1.91 -1.53 -1.13 -0.70 -0.26 0.18 0.63 1.09 1.57 2.08 2.60 3.11 3.61 4.08 4.51 6.11 5.17 5.50 5.95 4.01 3.10 3.00 2.81 1.89 3.93 3.10 1.95 2.00 3.05 3.05 3.00 3.00 3.00 3.00 2.95 2.95 2.95 3.00
-2.09 -2.01 -1.95 -1.90 -1.87 -1.86 -1.85 -1.85 -1.86 -1.88 -1.90 -1.92 -1.93 -1.94 -1.95 -1.97 -2.00 -2.05 -2.12 -2.23 -2.40 -2.64 -2.91 -3.20 -3.47 -3.70 -3.87 -3.94 -3.92 -3.85 -3.73 -3.56 -3.34 -3.09 -2.81 -2.50 -2.14 -1.73 -1.28 -0.80 -0.29 0.22 0.73 1.23 1.74 2.27 2.81 3.36 3.90 4.43 4.93 5.41 5.84 3.02 2.71 2.76 3.84 4.07 2.98 3.00 3.07 4.02 4.09 2.00 2.00 3.02 3.02 3.00 3.00 3.00 3.00 3.00 3.00 3.00 2.98
-2.13 -2.05 -1.98 -1.93 -1.90 -1.87 -1.86 -1.86 -1.87 -1.88 -1.90 -1.92 -1.95 -1.97 -2.00 -2.03 -2.08 -2.15 -2.24 -2.35 -2.52 -2.76 -3.03 -3.31 -3.57 -3.79 -3.95 -4.00 -3.98 -3.89 -3.76 -3.57 -3.34 -3.06 -2.74 -2.39 -1.98 -1.50 -0.97 -0.41 0.18 0.78 1.36 1.92 2.47 3.05 3.63 4.21 4.77 5.02 5.37 5.58 4.69 4.18 8.01 8.48 2.69 4.07 3.31 2.97 2.97 3.73 3.76 2.00 2.03 2.73 2.73 3.00 3.00 3.00 3.00 3.03 3.00 2.97 3.27
-2.17 -2.08 -2.01 -1.96 -1.93 -1.90 -1.88 -1.88 -1.88 -1.89 -1.91 -1.93 -1.96 -2.00 -2.03 -2.08 -2.14 -2.22 -2.32 -2.43 -2.61 -2.84 -3.11 -3.38 -3.64 -3.86 -4.00 -4.04 -4.00 -3.90 -3.75 -3.54 -3.28 -2.97 -2.62 -2.22 -1.75 -1.20 -0.59 0.06 0.74 1.41 2.07 2.69 3.30 3.92 4.54 5.16 5.76 5.66 5.81 3.11 3.56 2.79 8.85 9.21 1.51 3.31 3.70 3.42 3.37 2.98 2.56 2.05 1.58 1.93 1.93 3.00 3.00 3.00 3.00 2.58 3.00 3.37 4.02
-2.21 -2.13 -2.05 -2.00 -1.96 -1.93 -1.91 -1.90 -1.89 -1.90 -1.92 -1.94 -1.97 -2.00 -2.04 -2.09 -2.16 -2.24 -2.33 -2.45 -2.63 -2.86 -3.13 -3.41 -3.67 -3.88 -4.01 -4.04 -3.98 -3.86 -3.68 -3.45 -3.15 -2.81 -2.41 -1.96 -1.43 -0.81 -0.12 0.62 1.35 2.14 2.87 3.55 4.21 4.89 5.57 6.23 6.86 7.50 8.05 1.81 2.88 1.30 6.17 6.38 1.41 0.84 2.51 3.65 4.07 2.53 1.93 1.47 1.41 2.00 2.00 3.00 3.00 3.00 2.94 2.29 2.88 4.01 4.41
